   -0.1017826E+02 -0.2439407E+01 -0.9982616E+00 -0.2398374E-04  0.2842240E-03
   -0.1155515E+00 -0.3813704E-03  0.4086484E-01 -0.8791416E-03 -0.1846419E+00
    0.0000000E+00  0.0000000E+00  0.0000000E+00  0.0000000E+00 -0.3256950E-04
   -0.2004420E+01 -0.1077659E+01  0.4883267E-03  0.6254072E-01  0.0000000E+00
   -0.1020016E+01 -0.1437615E-05  0.3821324E-03 -0.3639536E+00 -0.7587304E-03
    0.0000000E+00  0.3747513E-02 -0.2089319E+00  0.2042195E-03  0.5032648E-01
   -0.7232762E-03 -0.4577967E+00  0.0000000E+00  0.1625737E+00 -0.6975513E-02
   -0.4968079E+00  0.0000000E+00  0.0000000E+00  0.0000000E+00  0.0000000E+00
   -0.2542504E+00  0.0000000E+00  0.0000000E+00  0.0000000E+00 -0.3306181E-01
   -0.9353081E+00 -0.6033110E+00  0.7237505E-03 -0.5038076E-01  0.0000000E+00
   -0.6412550E+00  0.9728046E-03 -0.5085079E-01  0.0000000E+00  0.4109256E+00
   -0.9361848E+00 -0.6565165E+00 -0.7796190E-04  0.1475082E+00  0.0000000E+00
   -0.7188013E+00 -0.6082792E-04  0.1782978E+00  0.0000000E+00 -0.6370166E+00
    0.2814970E+00 -0.9334523E+00 -0.5105483E+00  0.1525244E-03  0.1431858E-01
    0.0000000E+00 -0.5357664E+00  0.1193720E-03  0.1321156E-01  0.0000000E+00
   -0.5664861E+00 -0.5824577E+00  0.6055965E+00 -0.2497371E-04 -0.1173796E-02
   -0.9015996E-01 -0.1153837E-03  0.0000000E+00 -0.1143379E-02 -0.8506952E-01
   -0.1361947E-03  0.0000000E+00 -0.1192657E-02 -0.1462346E-02 -0.3797675E-03
    0.1489552E+01  0.0000000E+00  0.0000000E+00  0.0000000E+00  0.0000000E+00
    0.1690337E-03  0.0000000E+00  0.0000000E+00  0.0000000E+00  0.2608157E-03
    0.0000000E+00  0.0000000E+00  0.0000000E+00  0.0000000E+00  0.1676202E+01
    0.0000000E+00  0.0000000E+00  0.0000000E+00  0.0000000E+00  0.2846346E-01
    0.0000000E+00  0.0000000E+00  0.0000000E+00  0.3060818E-01  0.0000000E+00
    0.0000000E+00  0.0000000E+00  0.0000000E+00 -0.3864883E-03  0.1634330E+01
   -0.3728759E+00 -0.4058938E+00  0.2882229E+00 -0.1762361E+00  0.0000000E+00
   -0.3922212E+00  0.2423674E+00 -0.1474270E+00  0.0000000E+00 -0.2832168E+00
   -0.2624871E+00 -0.2483807E+00  0.3533756E-01  0.0000000E+00  0.0000000E+00
   -0.7879499E-01 -0.1011574E+01 -0.6492440E+00  0.1811629E+00 -0.9283112E-01
    0.0000000E+00 -0.6013361E+00  0.1151115E+00 -0.2151076E-01  0.0000000E+00
   -0.4333597E+00 -0.4215388E+00 -0.3443764E+00  0.4952998E-01  0.0000000E+00
    0.0000000E+00 -0.4449952E+00 -0.4325266E+00 -0.4531580E+00 -0.2082420E+00
   -0.5576652E-02 -0.4660051E-01  0.0000000E+00 -0.2061364E+00  0.4521115E-01
   -0.4800849E-01  0.0000000E+00  0.1128035E+00 -0.4632404E-01 -0.2296192E+00
   -0.4437297E+00  0.0000000E+00  0.0000000E+00 -0.1852419E+00 -0.1831931E+00
    0.1777398E+01  0.2776941E+00  0.1277000E+00 -0.4664334E-01 -0.5290753E-01
    0.0000000E+00  0.1263189E+00 -0.4882436E-01 -0.2984353E-02  0.0000000E+00
   -0.1599030E+00  0.1195327E+00  0.1406902E+00  0.1919459E+00  0.0000000E+00
    0.0000000E+00  0.1141493E+00  0.1128941E+00  0.1014750E+00  0.1881338E+01
    0.0000000E+00  0.0000000E+00  0.0000000E+00  0.0000000E+00 -0.7976814E-01
    0.0000000E+00  0.0000000E+00  0.0000000E+00 -0.3220579E-01  0.0000000E+00
    0.0000000E+00  0.0000000E+00  0.0000000E+00 -0.1275898E+00  0.7959596E-01
    0.0000000E+00  0.0000000E+00  0.0000000E+00  0.0000000E+00  0.1944623E+01
   -0.3763385E+00 -0.4076770E+00 -0.2877172E+00 -0.1781919E+00  0.0000000E+00
   -0.3933475E+00 -0.2410990E+00 -0.1488502E+00  0.0000000E+00 -0.2833750E+00
   -0.2637087E+00 -0.2495736E+00 -0.3502675E-01  0.0000000E+00  0.0000000E+00
   -0.4735088E-01 -0.1799973E+00 -0.6144731E-01  0.3395719E-02  0.0000000E+00
   -0.7939541E-01 -0.1014194E+01 -0.6503149E+00 -0.1801032E+00 -0.9410391E-01
    0.0000000E+00 -0.6003292E+00 -0.1097681E+00 -0.2493356E-01  0.0000000E+00
   -0.4334511E+00 -0.4224444E+00 -0.3449403E+00 -0.5084960E-01  0.0000000E+00
    0.0000000E+00 -0.1797377E+00 -0.3329915E+00 -0.1224735E+00  0.4355362E-01
    0.0000000E+00 -0.4452681E+00 -0.4301538E+00  0.4572338E+00  0.2085473E+00
   -0.6517069E-02  0.4670505E-01  0.0000000E+00  0.2071157E+00  0.4551193E-01
    0.4867428E-01  0.0000000E+00 -0.1088098E+00  0.4276372E-01  0.2297471E+00
   -0.4458275E+00  0.0000000E+00  0.0000000E+00  0.6144993E-01  0.1227789E+00
    0.8390283E-01 -0.5005463E-02  0.0000000E+00  0.1865238E+00  0.1843463E+00
    0.1777039E+01  0.2834827E+00  0.1291597E+00  0.4626721E-01 -0.5260329E-01
    0.0000000E+00  0.1279576E+00  0.4881507E-01 -0.2363771E-02  0.0000000E+00
   -0.1610626E+00  0.1199265E+00  0.1423550E+00 -0.1964397E+00  0.0000000E+00
    0.0000000E+00  0.3665947E-02  0.4432916E-01  0.5388401E-02 -0.8396535E-02
    0.0000000E+00  0.1154800E+00  0.1140682E+00 -0.1030852E+00  0.1879883E+01
    0.0000000E+00  0.0000000E+00  0.0000000E+00  0.0000000E+00 -0.7985633E-01
    0.0000000E+00  0.0000000E+00  0.0000000E+00 -0.3222461E-01  0.0000000E+00
    0.0000000E+00  0.0000000E+00  0.0000000E+00  0.1294728E+00  0.8162161E-01
    0.0000000E+00  0.0000000E+00  0.0000000E+00  0.0000000E+00 -0.8515396E-02
    0.0000000E+00  0.0000000E+00  0.0000000E+00  0.0000000E+00  0.1944405E+01
   -0.2218499E-03 -0.2280300E+00  0.9918971E-05  0.4866486E+00  0.0000000E+00
   -0.7125102E+00  0.1397878E-04  0.1417773E+01  0.0000000E+00 -0.1732353E-01
   -0.6092402E+00 -0.1749565E-01 -0.2440743E-04  0.0000000E+00  0.0000000E+00
   -0.7054794E-03 -0.1623331E+00 -0.5962092E-04  0.1296103E-03  0.0000000E+00
   -0.7028351E-03 -0.1618653E+00  0.5846062E-04  0.1277155E-03  0.0000000E+00
   -0.1018676E+02 -0.2278633E+00 -0.3828670E+00  0.3158927E-03  0.4209711E+00
    0.0000000E+00 -0.5581073E+00  0.2796516E-02  0.7356553E+00  0.0000000E+00
   -0.2045256E+00 -0.4293268E+00 -0.2049983E+00 -0.3665021E-03  0.0000000E+00
    0.0000000E+00 -0.3044454E-01 -0.1962522E+00 -0.1833207E-01  0.3304419E-01
    0.0000000E+00 -0.3027461E-01 -0.1951990E+00  0.1812907E-01  0.3302855E-01
    0.0000000E+00 -0.2441328E+01 -0.1013309E+01 -0.4297896E-05  0.6065033E-03
   -0.1274734E+00 -0.5958887E-03  0.0000000E+00  0.3720958E-02 -0.1859278E+00
   -0.9511650E-02  0.0000000E+00  0.3817271E-03  0.7134099E-03  0.3079338E-03
    0.9201541E-01  0.0000000E+00  0.0000000E+00  0.2144314E-01  0.5084157E-01
    0.8034554E-02 -0.2581838E-01  0.0000000E+00 -0.2123071E-01 -0.4847478E-01
    0.7652608E-02  0.2563563E-01  0.0000000E+00  0.1728256E-03  0.1031784E-01
   -0.1376902E+00 -0.4862908E+00 -0.4204369E+00  0.3607854E-03  0.2935056E+00
    0.0000000E+00 -0.3307779E+00 -0.1633829E-02  0.8554823E-01  0.0000000E+00
   -0.2563304E+00 -0.2727951E+00 -0.2550795E+00 -0.7107487E-03  0.0000000E+00
    0.0000000E+00 -0.5316060E-01 -0.1631715E+00 -0.3751526E-01  0.5572433E-01
    0.0000000E+00 -0.5322593E-01 -0.1634904E+00  0.3735806E-01  0.5579116E-01
    0.0000000E+00  0.5205995E-03 -0.3131479E-01 -0.1023475E-01 -0.2026833E+00
    0.0000000E+00  0.0000000E+00  0.0000000E+00  0.0000000E+00 -0.1455494E+00
    0.0000000E+00  0.0000000E+00  0.0000000E+00 -0.1741579E+00  0.0000000E+00
    0.0000000E+00  0.0000000E+00  0.0000000E+00  0.2353018E-03  0.9374302E-01
    0.0000000E+00  0.0000000E+00  0.0000000E+00  0.0000000E+00 -0.1133412E-01
    0.0000000E+00  0.0000000E+00  0.0000000E+00  0.0000000E+00 -0.1129567E-01
    0.0000000E+00  0.0000000E+00  0.0000000E+00  0.0000000E+00 -0.1289942E-01
   -0.7119532E+00 -0.5545078E+00  0.4793739E-03  0.3329797E+00  0.0000000E+00
   -0.6869305E+00  0.1355431E-01  0.6194496E+00  0.0000000E+00 -0.3027968E+00
   -0.5125026E+00 -0.2826017E+00 -0.3024725E-03  0.0000000E+00  0.0000000E+00
   -0.1187070E+00 -0.3057090E+00 -0.6381467E-01  0.6744824E-01  0.0000000E+00
   -0.1184185E+00 -0.3007002E+00  0.6387179E-01  0.6785923E-01  0.0000000E+00
   -0.2006030E+01 -0.1098186E+01  0.2413801E-01 -0.4298615E-01  0.0000000E+00
   -0.1085616E+01 -0.6778868E-05  0.5724475E-03 -0.1791432E+00 -0.8402526E-03
    0.0000000E+00  0.1368611E-01 -0.1736292E+00 -0.3673303E-01  0.0000000E+00
    0.7091398E-03  0.3830563E-03  0.2010198E-03  0.1896982E-01  0.0000000E+00
    0.0000000E+00  0.8484118E-01  0.7646278E-01  0.1268252E-01 -0.3872446E-01
    0.0000000E+00 -0.8419812E-01 -0.6424778E-01  0.1258105E-01  0.3850370E-01
    0.0000000E+00  0.4014196E-04  0.1950820E-01 -0.4037246E+00 -0.2320760E-01
    0.0000000E+00  0.1018160E+00 -0.3937657E+00 -0.1416660E+01 -0.7258507E+00
    0.5696720E-03  0.9080970E-01  0.0000000E+00 -0.5888043E+00 -0.7975836E-02
   -0.8449645E-01  0.0000000E+00 -0.4189875E+00 -0.4543772E+00 -0.3664874E+00
   -0.1303830E-02  0.0000000E+00  0.0000000E+00 -0.2315186E+00 -0.3627041E+00
   -0.1312730E+00  0.9421372E-01  0.0000000E+00 -0.2323444E+00 -0.3649040E+00
    0.1317469E+00  0.9522611E-01  0.0000000E+00 -0.1576487E-03 -0.3475754E-01
   -0.2324476E-01 -0.4826720E+00  0.0000000E+00 -0.8189038E-01 -0.1153726E+00
   -0.6041688E+00  0.0000000E+00  0.0000000E+00  0.0000000E+00  0.0000000E+00
   -0.1710120E+00  0.0000000E+00  0.0000000E+00  0.0000000E+00 -0.1001606E+00
    0.0000000E+00  0.0000000E+00  0.0000000E+00  0.0000000E+00  0.3131748E-03
    0.3814290E-01  0.0000000E+00  0.0000000E+00  0.0000000E+00  0.0000000E+00
   -0.2984247E-01  0.0000000E+00  0.0000000E+00  0.0000000E+00  0.0000000E+00
   -0.2983666E-01  0.0000000E+00  0.0000000E+00  0.0000000E+00  0.0000000E+00
   -0.2662871E+00  0.0000000E+00  0.0000000E+00  0.0000000E+00 -0.6084050E-01
   -0.1731079E-01 -0.2047278E+00  0.2786681E-03  0.2571011E+00  0.0000000E+00
   -0.3082949E+00  0.5024197E-02  0.4325240E+00  0.0000000E+00 -0.1061331E+00
   -0.3059170E+00 -0.9909453E-01 -0.4172077E-03  0.0000000E+00  0.0000000E+00
   -0.1572772E-01 -0.1119738E+00 -0.4198047E-02  0.2078832E-01  0.0000000E+00
   -0.1555139E-01 -0.1100576E+00  0.4068006E-02  0.2061600E-01  0.0000000E+00
   -0.9360008E+00 -0.6181048E+00  0.1168262E-01  0.5671727E-01  0.0000000E+00
   -0.6676142E+00  0.2950235E-01  0.6670552E-01  0.0000000E+00  0.3853477E+00
   -0.6088020E+00 -0.4285462E+00  0.4268710E-03  0.2721639E+00  0.0000000E+00
   -0.5138225E+00  0.1746772E-02  0.4602579E+00  0.0000000E+00 -0.3052299E+00
   -0.8368410E-01 -0.3046841E+00 -0.5372746E-03  0.0000000E+00  0.0000000E+00
   -0.5831116E-01 -0.2135558E+00 -0.4410152E-01  0.6465237E-01  0.0000000E+00
   -0.5820696E-01 -0.2132182E+00  0.4378538E-01  0.6476511E-01  0.0000000E+00
   -0.9369218E+00 -0.6686691E+00  0.1147400E-01 -0.1323152E+00  0.0000000E+00
   -0.7364401E+00  0.1795684E-01 -0.1560672E+00  0.0000000E+00 -0.6434941E+00
    0.2618909E+00 -0.1748199E-01 -0.2052273E+00  0.1517921E-03  0.2555500E+00
    0.0000000E+00 -0.2848941E+00  0.1032338E-02  0.3719291E+00  0.0000000E+00
   -0.9922773E-01 -0.3051825E+00 -0.1080069E+00 -0.1049023E-03  0.0000000E+00
    0.0000000E+00 -0.8265651E-02 -0.1013685E+00 -0.3224726E-02  0.8452902E-02
    0.0000000E+00 -0.8141502E-02 -0.1009386E+00  0.3117867E-02  0.8422915E-02
    0.0000000E+00 -0.9341762E+00 -0.5200931E+00  0.5284858E-02 -0.9839983E-02
    0.0000000E+00 -0.5453559E+00  0.5317558E-02 -0.9047676E-02  0.0000000E+00
   -0.5736394E+00 -0.5878132E+00  0.5941641E+00  0.7684517E-05  0.5228903E-03
   -0.9183934E-01 -0.7836398E-03  0.0000000E+00 -0.1864513E-02 -0.1659442E-01
    0.7711302E-02  0.0000000E+00  0.5003549E-03  0.8011305E-03  0.1639183E-03
   -0.2027820E+00  0.0000000E+00  0.0000000E+00  0.3589545E-01  0.2378933E-01
    0.1711446E-01 -0.4550714E-01  0.0000000E+00 -0.3564347E-01 -0.2407644E-01
    0.1686459E-01  0.4517736E-01  0.0000000E+00 -0.3153185E-04 -0.1231580E-01
    0.1013148E+00  0.1967652E-01  0.0000000E+00 -0.2616536E-01  0.1148057E+00
    0.3386610E-01  0.0000000E+00 -0.1002838E-01 -0.1907862E-01 -0.5294867E-02
    0.1469614E+01  0.0000000E+00  0.0000000E+00  0.0000000E+00  0.0000000E+00
    0.1729025E-03  0.0000000E+00  0.0000000E+00  0.0000000E+00  0.2656037E-02
    0.0000000E+00  0.0000000E+00  0.0000000E+00  0.0000000E+00 -0.1135860E-01
   -0.5726979E-03  0.0000000E+00  0.0000000E+00  0.0000000E+00  0.0000000E+00
    0.5002994E-02  0.0000000E+00  0.0000000E+00  0.0000000E+00  0.0000000E+00
   -0.5045960E-02  0.0000000E+00  0.0000000E+00  0.0000000E+00  0.0000000E+00
    0.1054596E-01  0.0000000E+00  0.0000000E+00  0.0000000E+00  0.1327596E-01
    0.0000000E+00  0.0000000E+00  0.0000000E+00  0.0000000E+00  0.1654951E+01
    0.0000000E+00  0.0000000E+00  0.0000000E+00  0.0000000E+00 -0.9394847E-01
    0.0000000E+00  0.0000000E+00  0.0000000E+00 -0.3712731E-01  0.0000000E+00
    0.0000000E+00  0.0000000E+00  0.0000000E+00  0.1455904E-03 -0.1967443E+00
    0.0000000E+00  0.0000000E+00  0.0000000E+00  0.0000000E+00 -0.1241116E-01
    0.0000000E+00  0.0000000E+00  0.0000000E+00  0.0000000E+00 -0.1238661E-01
    0.0000000E+00  0.0000000E+00  0.0000000E+00  0.0000000E+00 -0.2020497E-01
    0.0000000E+00  0.0000000E+00  0.0000000E+00 -0.2019380E-01  0.0000000E+00
    0.0000000E+00  0.0000000E+00  0.0000000E+00 -0.8382044E-02  0.1618190E+01
   -0.8237157E-03 -0.3223804E-01 -0.2324785E-01  0.5568476E-01  0.0000000E+00
   -0.1214142E+00 -0.8844388E-01  0.2338787E+00  0.0000000E+00 -0.1744393E-01
   -0.6083590E-01 -0.8933389E-02  0.3835443E-01  0.0000000E+00  0.0000000E+00
   -0.1381539E-02 -0.1952456E-01  0.4815657E-04 -0.4562447E-03  0.0000000E+00
   -0.1729368E-02 -0.5679510E-01 -0.7686267E-04  0.3018718E-02  0.0000000E+00
   -0.3687642E+00 -0.4052388E+00 -0.2950529E+00  0.1670460E+00  0.0000000E+00
   -0.3922931E+00 -0.2479487E+00  0.1403406E+00  0.0000000E+00 -0.2852932E+00
   -0.2617530E+00 -0.2475754E+00  0.3621799E-01  0.0000000E+00  0.0000000E+00
   -0.8054360E-01 -0.1696754E+00 -0.2005027E+00 -0.5123860E-01  0.1652121E+00
    0.0000000E+00 -0.3070470E+00 -0.6508290E-01  0.3712695E+00  0.0000000E+00
   -0.1130590E+00 -0.2170853E+00 -0.1038641E+00  0.2453649E-01  0.0000000E+00
    0.0000000E+00 -0.1960806E-01 -0.9998685E-01 -0.1316703E-01  0.1282290E-01
    0.0000000E+00 -0.5726515E-01 -0.1459721E+00  0.1573031E-01  0.3764445E-01
    0.0000000E+00 -0.1009021E+01 -0.6559033E+00 -0.1795916E+00  0.9396763E-01
    0.0000000E+00 -0.6219176E+00 -0.8981641E-01  0.5006817E-01  0.0000000E+00
   -0.4416903E+00 -0.4286708E+00 -0.3477375E+00  0.3919272E-01  0.0000000E+00
    0.0000000E+00 -0.4461353E+00 -0.4420193E+00  0.7443898E-04  0.2017616E-01
    0.9093592E-02 -0.4057175E-01  0.0000000E+00  0.6649855E-01  0.1490278E-01
   -0.1348902E+00  0.0000000E+00  0.5236892E-02  0.4794483E-01  0.3771987E-02
   -0.1985577E-01  0.0000000E+00  0.0000000E+00  0.8543346E-04  0.1310036E-01
   -0.9179730E-04  0.2100169E-03  0.0000000E+00 -0.4174412E-04  0.1623876E-01
   -0.2083368E-04 -0.1040914E-03  0.0000000E+00  0.4561218E+00  0.2137369E+00
    0.3753740E-03 -0.4752224E-01  0.0000000E+00  0.2105227E+00  0.4971077E-01
   -0.4718687E-01  0.0000000E+00 -0.1359667E+00  0.7228513E-01  0.2342784E+00
    0.4340895E+00  0.0000000E+00  0.0000000E+00  0.1898422E+00  0.1877321E+00
    0.1769158E+01 -0.1503432E-03 -0.3468173E-01 -0.2777566E-01  0.5689445E-01
    0.0000000E+00 -0.6618387E-01 -0.3813417E-01  0.8847588E-01  0.0000000E+00
   -0.2318257E-01 -0.6672322E-01 -0.9149967E-02  0.4869860E-01  0.0000000E+00
    0.0000000E+00  0.5639004E-03 -0.1245368E-01  0.2659600E-03 -0.3170957E-05
    0.0000000E+00 -0.3109280E-02 -0.3657242E-01  0.3200538E-04  0.2639635E-02
    0.0000000E+00 -0.2571573E+00 -0.1197901E+00 -0.4549635E-01 -0.5617869E-01
    0.0000000E+00 -0.1175291E+00 -0.4557956E-01 -0.7524034E-02  0.0000000E+00
    0.1602196E+00 -0.1225469E+00 -0.1319036E+00 -0.1589415E+00  0.0000000E+00
    0.0000000E+00 -0.1050354E+00 -0.1040163E+00  0.9638146E-01  0.1887085E+01
    0.0000000E+00  0.0000000E+00  0.0000000E+00  0.0000000E+00 -0.1175979E-01
    0.0000000E+00  0.0000000E+00  0.0000000E+00 -0.3036564E-01  0.0000000E+00
    0.0000000E+00  0.0000000E+00  0.0000000E+00 -0.5665114E-02  0.1314281E-01
    0.0000000E+00  0.0000000E+00  0.0000000E+00  0.0000000E+00 -0.7061301E-03
    0.0000000E+00  0.0000000E+00  0.0000000E+00  0.0000000E+00 -0.8865996E-03
    0.0000000E+00  0.0000000E+00  0.0000000E+00  0.0000000E+00 -0.8007933E-01
    0.0000000E+00  0.0000000E+00  0.0000000E+00 -0.3270805E-01  0.0000000E+00
    0.0000000E+00  0.0000000E+00  0.0000000E+00  0.1267149E+00 -0.7212286E-01
    0.0000000E+00  0.0000000E+00  0.0000000E+00  0.0000000E+00  0.1942662E+01
    0.8330304E-06 -0.1828307E-03  0.3480430E-03  0.6002393E-03  0.0000000E+00
   -0.5902156E-01  0.1053165E+00  0.1891318E+00  0.0000000E+00 -0.3239942E-04
   -0.1109904E-03 -0.2218618E-05 -0.1189029E-03  0.0000000E+00  0.0000000E+00
   -0.8792060E-05 -0.3059965E-01  0.1431018E-05  0.5125844E-06  0.0000000E+00
    0.5257697E-05 -0.2619788E-02 -0.3822313E-06 -0.1944670E-05  0.0000000E+00
   -0.6312211E-04 -0.1313583E+00  0.2495066E+00  0.1702706E+00  0.0000000E+00
   -0.5895886E+00  0.1053949E+01  0.7192404E+00  0.0000000E+00 -0.2299180E+00
   -0.1115872E+00 -0.8536284E-02 -0.2617024E+00  0.0000000E+00  0.0000000E+00
   -0.4704612E-03 -0.1438887E+00  0.9287874E-04  0.1830682E-04  0.0000000E+00
   -0.1018676E+02 -0.1902246E-03 -0.1313729E-01  0.1161410E-01  0.2416776E-01
    0.0000000E+00 -0.9343764E-01  0.1070136E+00  0.2126992E+00  0.0000000E+00
   -0.7812261E-02 -0.2411949E-01 -0.3065220E-02 -0.1870784E-01  0.0000000E+00
    0.0000000E+00 -0.6875336E-03 -0.5247631E-01  0.3221261E-03  0.1274838E-02
    0.0000000E+00 -0.8456562E-03 -0.1069569E-01  0.7471507E-04 -0.1623451E-03
    0.0000000E+00 -0.1313583E+00 -0.2863537E+00  0.2780452E+00  0.1894796E+00
    0.0000000E+00 -0.4697022E+00  0.5694317E+00  0.3933783E+00  0.0000000E+00
   -0.2763156E+00 -0.2105399E+00 -0.1532093E+00 -0.1454381E+00  0.0000000E+00
    0.0000000E+00 -0.2336539E-01 -0.1712632E+00  0.2941141E-01  0.2668068E-02
    0.0000000E+00 -0.2441328E+01 -0.1013309E+01 -0.3374960E-03 -0.1462643E-01
    0.8018220E-02  0.2685883E-01  0.0000000E+00 -0.5707982E-01  0.1055371E-01
    0.1228474E+00  0.0000000E+00 -0.5075423E-02 -0.3046868E-01 -0.3913231E-02
   -0.1467309E-01  0.0000000E+00  0.0000000E+00  0.1494664E-03 -0.9540485E-02
   -0.5905287E-03  0.2952346E-03  0.0000000E+00 -0.7759441E-03 -0.1073746E-01
    0.1344344E-03 -0.3846119E-03  0.0000000E+00 -0.2495066E+00 -0.2780452E+00
    0.1547626E+00  0.1718639E+00  0.0000000E+00 -0.2299366E+00  0.2690512E-01
    0.1273967E+00  0.0000000E+00 -0.1693504E+00 -0.2078141E+00 -0.1696872E+00
   -0.4642823E-01  0.0000000E+00  0.0000000E+00 -0.4459339E-01 -0.1389756E+00
    0.5676593E-01  0.3633696E-02  0.0000000E+00 -0.1728256E-03 -0.1031784E-01
   -0.1376902E+00 -0.6208038E-03 -0.2274844E-01  0.1920946E-01  0.3651604E-01
    0.0000000E+00 -0.7648963E-01  0.7432966E-01  0.1271205E+00  0.0000000E+00
   -0.1569123E-01 -0.3908945E-01 -0.6969907E-02 -0.2941193E-01  0.0000000E+00
    0.0000000E+00 -0.2920784E-02 -0.4919413E-01  0.5632871E-03  0.3796966E-02
    0.0000000E+00 -0.7289122E-03 -0.1162670E-01 -0.5398704E-04 -0.2288769E-03
    0.0000000E+00 -0.1702706E+00 -0.1894796E+00  0.1718639E+00  0.1998068E-01
    0.0000000E+00 -0.1504234E+00  0.1157241E+00 -0.9009330E-01  0.0000000E+00
   -0.1709048E+00 -0.8647164E-01 -0.1155612E+00  0.5574704E-02  0.0000000E+00
    0.0000000E+00 -0.8659152E-02 -0.3474852E-01  0.1217165E-01 -0.4917756E-02
    0.0000000E+00 -0.5205995E-03  0.3131479E-01 -0.1023475E-01 -0.2026833E+00
    0.0000000E+00  0.0000000E+00  0.0000000E+00  0.0000000E+00 -0.5994428E-02
    0.0000000E+00  0.0000000E+00  0.0000000E+00 -0.3600167E-01  0.0000000E+00
    0.0000000E+00  0.0000000E+00  0.0000000E+00  0.3406385E-02  0.8097890E-02
    0.0000000E+00  0.0000000E+00  0.0000000E+00  0.0000000E+00 -0.2949367E-03
    0.0000000E+00  0.0000000E+00  0.0000000E+00  0.0000000E+00 -0.2746829E-04
    0.0000000E+00  0.0000000E+00  0.0000000E+00  0.0000000E+00 -0.1007350E+00
    0.0000000E+00  0.0000000E+00  0.0000000E+00 -0.1428088E+00  0.0000000E+00
    0.0000000E+00  0.0000000E+00  0.0000000E+00  0.6919077E-01  0.4742486E-01
    0.0000000E+00  0.0000000E+00  0.0000000E+00  0.0000000E+00 -0.6963857E-02
    0.0000000E+00  0.0000000E+00  0.0000000E+00  0.0000000E+00 -0.1289942E-01
   -0.5901672E-01 -0.9751383E-01  0.3431510E-01  0.9616305E-01  0.0000000E+00
   -0.1998471E+00  0.1042472E+00  0.3131309E+00  0.0000000E+00 -0.5638982E-01
   -0.1165360E+00 -0.4942764E-01 -0.2322206E-01  0.0000000E+00  0.0000000E+00
   -0.2786622E-01 -0.1042038E+00 -0.4191312E-02  0.2098516E-01  0.0000000E+00
   -0.6145322E-02 -0.4966245E-01  0.4257834E-02  0.4361275E-02  0.0000000E+00
   -0.5895886E+00 -0.4697022E+00  0.2299366E+00  0.1504234E+00  0.0000000E+00
   -0.6126036E+00  0.4832926E+00  0.3294520E+00  0.0000000E+00 -0.3615070E+00
   -0.3177877E+00 -0.2462268E+00 -0.1122804E+00  0.0000000E+00  0.0000000E+00
   -0.1061043E+00 -0.2794605E+00  0.8079789E-01 -0.1593476E-01  0.0000000E+00
   -0.2006030E+01 -0.1098186E+01 -0.2413801E-01  0.4298615E-01  0.0000000E+00
   -0.1085616E+01 -0.1053254E+00 -0.1328918E+00  0.5553037E-02  0.1357676E+00
    0.0000000E+00 -0.2156963E+00 -0.2012280E-01  0.3058190E+00  0.0000000E+00
   -0.6046197E-01 -0.1656930E+00 -0.6571833E-01 -0.1079299E-02  0.0000000E+00
    0.0000000E+00 -0.1359771E-01 -0.6133377E-01 -0.1356403E-01  0.1066361E-01
    0.0000000E+00 -0.1367422E-01 -0.7560061E-01  0.8507288E-02  0.1040926E-01
    0.0000000E+00 -0.1053949E+01 -0.5694317E+00  0.2690512E-01  0.1157241E+00
    0.0000000E+00 -0.4832926E+00 -0.6689380E-01  0.3548704E-01  0.0000000E+00
   -0.3362201E+00 -0.3583563E+00 -0.2942816E+00 -0.1101541E-01  0.0000000E+00
    0.0000000E+00 -0.2228927E+00 -0.3268165E+00  0.1353966E+00 -0.4336139E-01
    0.0000000E+00 -0.4014196E-04 -0.1950820E-01 -0.4037246E+00 -0.2320760E-01
    0.0000000E+00 -0.1018160E+00 -0.3937657E+00 -0.1890374E+00 -0.2108788E+00
    0.7077588E-01  0.1463992E+00  0.0000000E+00 -0.2608458E+00  0.6929105E-01
    0.2226936E+00  0.0000000E+00 -0.1284656E+00 -0.2047725E+00 -0.1144381E+00
   -0.2216591E-01  0.0000000E+00  0.0000000E+00 -0.8071141E-01 -0.1513011E+00
   -0.1634098E-01  0.5045223E-01  0.0000000E+00 -0.1806399E-01 -0.9043380E-01
    0.1397640E-01  0.1260902E-01  0.0000000E+00 -0.7192404E+00 -0.3933783E+00
    0.1273967E+00 -0.9009330E-01  0.0000000E+00 -0.3294520E+00  0.3548704E-01
   -0.1959819E+00  0.0000000E+00 -0.2411631E+00 -0.2452776E+00 -0.2023421E+00
    0.1597973E-02  0.0000000E+00  0.0000000E+00 -0.5359464E-01 -0.1328004E+00
    0.4685027E-01 -0.3949765E-01  0.0000000E+00  0.1576487E-03  0.3475754E-01
   -0.2324476E-01 -0.4826720E+00  0.0000000E+00  0.8189038E-01 -0.1153726E+00
   -0.6041688E+00  0.0000000E+00  0.0000000E+00  0.0000000E+00  0.0000000E+00
   -0.3900125E-01  0.0000000E+00  0.0000000E+00  0.0000000E+00 -0.5924505E-01
    0.0000000E+00  0.0000000E+00  0.0000000E+00  0.0000000E+00  0.9280123E-02
    0.2663993E-01  0.0000000E+00  0.0000000E+00  0.0000000E+00  0.0000000E+00
   -0.8773043E-02  0.0000000E+00  0.0000000E+00  0.0000000E+00  0.0000000E+00
   -0.2369543E-02  0.0000000E+00  0.0000000E+00  0.0000000E+00  0.0000000E+00
   -0.1428088E+00  0.0000000E+00  0.0000000E+00  0.0000000E+00 -0.9173976E-01
    0.0000000E+00  0.0000000E+00  0.0000000E+00  0.0000000E+00  0.2422424E-01
    0.1228812E-01  0.0000000E+00  0.0000000E+00  0.0000000E+00  0.0000000E+00
   -0.2569670E-01  0.0000000E+00  0.0000000E+00  0.0000000E+00  0.0000000E+00
   -0.2662871E+00  0.0000000E+00  0.0000000E+00  0.0000000E+00 -0.6084050E-01
   -0.3762813E-04 -0.9796198E-02  0.6425665E-02  0.2188304E-01  0.0000000E+00
   -0.7897964E-01  0.7035965E-01  0.1817003E+00  0.0000000E+00 -0.2625046E-02
   -0.2272844E-01 -0.1008269E-02 -0.1226296E-01  0.0000000E+00  0.0000000E+00
    0.3714241E-03 -0.3802573E-01  0.2136237E-03 -0.7378118E-04  0.0000000E+00
   -0.8104304E-03 -0.1063190E-01  0.7774394E-04 -0.2577911E-03  0.0000000E+00
   -0.2299180E+00 -0.2763156E+00  0.1693504E+00  0.1709048E+00  0.0000000E+00
   -0.3615070E+00  0.3362201E+00  0.2411631E+00  0.0000000E+00 -0.1648938E+00
   -0.1468862E+00 -0.1883621E+00  0.7594179E-01  0.0000000E+00  0.0000000E+00
   -0.4996844E-01 -0.1612670E+00  0.6619150E-01  0.6456701E-02  0.0000000E+00
   -0.9360008E+00 -0.6181048E+00 -0.1168262E-01 -0.5671727E-01  0.0000000E+00
   -0.6676142E+00 -0.2950235E-01 -0.6670552E-01  0.0000000E+00  0.3853477E+00
   -0.1180902E-03 -0.2174917E-01  0.2129728E-01  0.3570038E-01  0.0000000E+00
   -0.8194666E-01  0.8800963E-01  0.1540872E+00  0.0000000E+00 -0.1689756E-01
   -0.3767788E-01 -0.5650846E-02 -0.3387125E-01  0.0000000E+00  0.0000000E+00
   -0.2684427E-02 -0.5229223E-01  0.3265870E-03  0.2684419E-02  0.0000000E+00
   -0.2662553E-03 -0.1055523E-01 -0.4390083E-04 -0.7883677E-04  0.0000000E+00
   -0.1115872E+00 -0.2105399E+00  0.2078141E+00  0.8647164E-01  0.0000000E+00
   -0.3177877E+00  0.3583563E+00  0.2452776E+00  0.0000000E+00 -0.1468862E+00
   -0.1734229E+00 -0.1241588E+00 -0.5712700E-01  0.0000000E+00  0.0000000E+00
   -0.6744829E-02 -0.1155913E+00  0.9056192E-02  0.1761603E-04  0.0000000E+00
   -0.9369218E+00 -0.6686691E+00 -0.1147400E-01  0.1323152E+00  0.0000000E+00
   -0.7364401E+00 -0.1795684E-01  0.1560672E+00  0.0000000E+00 -0.6434941E+00
    0.2618909E+00 -0.7930795E-05 -0.3005611E-02  0.3846917E-02  0.6835086E-02
    0.0000000E+00 -0.4857126E-01  0.6198879E-01  0.1136489E+00  0.0000000E+00
   -0.1549656E-02 -0.5018756E-02 -0.6824909E-03 -0.6259166E-02  0.0000000E+00
    0.0000000E+00  0.4930209E-03 -0.2862950E-01  0.1760262E-03  0.3300808E-07
    0.0000000E+00 -0.7041712E-03 -0.4807947E-02  0.8295395E-04 -0.8927072E-04
    0.0000000E+00 -0.8536284E-02 -0.1532093E+00  0.1696872E+00  0.1155612E+00
    0.0000000E+00 -0.2462268E+00  0.2942816E+00  0.2023421E+00  0.0000000E+00
   -0.1883621E+00 -0.1241588E+00 -0.8352293E-01 -0.1419144E+00  0.0000000E+00
    0.0000000E+00 -0.5955662E-02 -0.9083296E-01  0.6707736E-02  0.1635562E-02
    0.0000000E+00 -0.9341762E+00 -0.5200931E+00 -0.5284858E-02  0.9839983E-02
    0.0000000E+00 -0.5453559E+00 -0.5317558E-02  0.9047676E-02  0.0000000E+00
   -0.5736394E+00 -0.5878132E+00  0.5941641E+00 -0.1167050E-03 -0.2041669E-01
    0.1256485E-01  0.3697289E-01  0.0000000E+00 -0.4761168E-01  0.9149434E-02
    0.8228497E-01  0.0000000E+00 -0.9287429E-02 -0.4252453E-01 -0.5346732E-02
   -0.2395091E-01  0.0000000E+00  0.0000000E+00 -0.3346175E-03 -0.1092803E-01
   -0.2641353E-03  0.7042182E-03  0.0000000E+00  0.8841717E-04 -0.9748177E-02
   -0.1000270E-03 -0.8308376E-04  0.0000000E+00 -0.2617024E+00 -0.1454381E+00
    0.4642823E-01 -0.5574704E-02  0.0000000E+00 -0.1122804E+00  0.1101541E-01
   -0.1597973E-02  0.0000000E+00  0.7594179E-01 -0.5712700E-01 -0.1419144E+00
    0.2152780E+00  0.0000000E+00  0.0000000E+00 -0.1435263E-01 -0.4869775E-01
    0.2064282E-01 -0.8094954E-02  0.0000000E+00 -0.3153185E-04 -0.1231580E-01
   -0.1013148E+00 -0.1967652E-01  0.0000000E+00 -0.2616536E-01 -0.1148057E+00
   -0.3386610E-01  0.0000000E+00 -0.1002838E-01 -0.1907862E-01 -0.5294867E-02
    0.1469614E+01  0.0000000E+00  0.0000000E+00  0.0000000E+00  0.0000000E+00
   -0.6541970E-02  0.0000000E+00  0.0000000E+00  0.0000000E+00 -0.1684043E-01
    0.0000000E+00  0.0000000E+00  0.0000000E+00  0.0000000E+00  0.2256994E-02
    0.6860441E-02  0.0000000E+00  0.0000000E+00  0.0000000E+00  0.0000000E+00
   -0.5278483E-03  0.0000000E+00  0.0000000E+00  0.0000000E+00  0.0000000E+00
   -0.4507232E-03  0.0000000E+00  0.0000000E+00  0.0000000E+00  0.0000000E+00
   -0.6919077E-01  0.0000000E+00  0.0000000E+00  0.0000000E+00 -0.2422424E-01
    0.0000000E+00  0.0000000E+00  0.0000000E+00  0.0000000E+00 -0.5855684E-01
   -0.2586349E-01  0.0000000E+00  0.0000000E+00  0.0000000E+00  0.0000000E+00
   -0.9458237E-02  0.0000000E+00  0.0000000E+00  0.0000000E+00  0.0000000E+00
   -0.1054596E-01  0.0000000E+00  0.0000000E+00  0.0000000E+00 -0.1327596E-01
    0.0000000E+00  0.0000000E+00  0.0000000E+00  0.0000000E+00  0.1654951E+01
    0.0000000E+00  0.0000000E+00  0.0000000E+00  0.0000000E+00 -0.9706380E-02
    0.0000000E+00  0.0000000E+00  0.0000000E+00 -0.2264079E-01  0.0000000E+00
    0.0000000E+00  0.0000000E+00  0.0000000E+00  0.5214077E-02  0.9922335E-02
    0.0000000E+00  0.0000000E+00  0.0000000E+00  0.0000000E+00 -0.9074097E-03
    0.0000000E+00  0.0000000E+00  0.0000000E+00  0.0000000E+00 -0.6293997E-03
    0.0000000E+00  0.0000000E+00  0.0000000E+00  0.0000000E+00 -0.4742486E-01
    0.0000000E+00  0.0000000E+00  0.0000000E+00 -0.1228812E-01  0.0000000E+00
    0.0000000E+00  0.0000000E+00  0.0000000E+00 -0.2586349E-01 -0.4078017E-01
    0.0000000E+00  0.0000000E+00  0.0000000E+00  0.0000000E+00 -0.1935437E-02
    0.0000000E+00  0.0000000E+00  0.0000000E+00  0.0000000E+00  0.2020497E-01
    0.0000000E+00  0.0000000E+00  0.0000000E+00  0.2019380E-01  0.0000000E+00
    0.0000000E+00  0.0000000E+00  0.0000000E+00 -0.8382044E-02  0.1618190E+01
   -0.1169615E-04 -0.1254763E-02  0.3288262E-02  0.2218818E-02  0.0000000E+00
   -0.3049858E-01  0.6617419E-01  0.5723160E-01  0.0000000E+00 -0.2421211E-02
   -0.1063048E-02  0.2564125E-03 -0.3088199E-02  0.0000000E+00  0.0000000E+00
   -0.2218122E-02 -0.4233758E-01  0.1353540E-02  0.1656475E-02  0.0000000E+00
   -0.1668625E-03 -0.2030131E-02 -0.2932843E-04  0.1642455E-04  0.0000000E+00
   -0.4704612E-03 -0.2336539E-01  0.4459339E-01  0.8659152E-02  0.0000000E+00
   -0.1061043E+00  0.2228927E+00  0.5359464E-01  0.0000000E+00 -0.4996844E-01
   -0.6744829E-02 -0.5955662E-02 -0.1435263E-01  0.0000000E+00  0.0000000E+00
   -0.1085063E-02 -0.1771425E-01 -0.4804791E-03 -0.2816559E-03  0.0000000E+00
   -0.3687642E+00 -0.4052388E+00  0.2950529E+00 -0.1670460E+00  0.0000000E+00
   -0.3922931E+00  0.2479487E+00 -0.1403406E+00  0.0000000E+00 -0.2852932E+00
   -0.2617530E+00 -0.2475754E+00  0.3621799E-01  0.0000000E+00  0.0000000E+00
   -0.8054360E-01 -0.3504014E-01 -0.5889081E-01  0.3945050E-01  0.3859571E-01
    0.0000000E+00 -0.1103913E+00  0.9816592E-01  0.1340223E+00  0.0000000E+00
   -0.4620326E-01 -0.5548396E-01 -0.3199638E-01 -0.1667675E-01  0.0000000E+00
    0.0000000E+00 -0.4274445E-01 -0.9015599E-01  0.3565676E-02  0.2394992E-01
    0.0000000E+00 -0.2498854E-02 -0.2492964E-01  0.2431331E-02  0.1518016E-02
    0.0000000E+00 -0.1438887E+00 -0.1712632E+00  0.1389756E+00  0.3474852E-01
    0.0000000E+00 -0.2794605E+00  0.3268165E+00  0.1328004E+00  0.0000000E+00
   -0.1612670E+00 -0.1155913E+00 -0.9083296E-01 -0.4869775E-01  0.0000000E+00
    0.0000000E+00 -0.1771425E-01 -0.9305913E-01  0.1603993E-01 -0.3872407E-02
    0.0000000E+00 -0.1009021E+01 -0.6559033E+00  0.1795916E+00 -0.9396763E-01
    0.0000000E+00 -0.6219176E+00  0.8981641E-01 -0.5006817E-01  0.0000000E+00
   -0.4416903E+00 -0.4286708E+00 -0.3477375E+00  0.3919272E-01  0.0000000E+00
    0.0000000E+00 -0.4461353E+00 -0.4420193E+00 -0.1029100E-05 -0.1258470E-02
    0.2842837E-02  0.2533068E-02  0.0000000E+00 -0.2146548E-01  0.3661246E-01
    0.4230422E-01  0.0000000E+00 -0.1544297E-02 -0.1140299E-02  0.2979724E-04
   -0.2775245E-02  0.0000000E+00  0.0000000E+00 -0.6380352E-03 -0.1789613E-01
    0.3603236E-03  0.5094744E-03  0.0000000E+00 -0.2026083E-03 -0.1623707E-02
   -0.5194147E-05 -0.1663275E-04  0.0000000E+00 -0.9287874E-04 -0.2941141E-01
    0.5676593E-01  0.1217165E-01  0.0000000E+00 -0.8079789E-01  0.1353966E+00
    0.4685027E-01  0.0000000E+00 -0.6619150E-01 -0.9056192E-02 -0.6707736E-02
   -0.2064282E-01  0.0000000E+00  0.0000000E+00  0.4804791E-03 -0.1603993E-01
   -0.1847019E-03  0.1766087E-03  0.0000000E+00 -0.4561218E+00 -0.2137369E+00
    0.3753740E-03 -0.4752224E-01  0.0000000E+00 -0.2105227E+00  0.4971077E-01
   -0.4718687E-01  0.0000000E+00  0.1359667E+00 -0.7228513E-01 -0.2342784E+00
   -0.4340895E+00  0.0000000E+00  0.0000000E+00 -0.1898422E+00 -0.1877321E+00
    0.1769158E+01 -0.2187336E-05 -0.1255294E-02  0.2820274E-02  0.1391212E-02
    0.0000000E+00 -0.7646381E-02  0.1344204E-01  0.1174130E-03  0.0000000E+00
   -0.1563050E-02 -0.9034916E-03 -0.2531792E-03 -0.1685590E-02  0.0000000E+00
    0.0000000E+00 -0.1987598E-02 -0.1541162E-01  0.3611459E-03  0.9326969E-03
    0.0000000E+00  0.6634431E-04 -0.7792025E-03 -0.2335968E-05 -0.9349463E-04
    0.0000000E+00 -0.1830682E-04 -0.2668068E-02  0.3633696E-02 -0.4917756E-02
    0.0000000E+00  0.1593476E-01 -0.4336139E-01 -0.3949765E-01  0.0000000E+00
   -0.6456701E-02 -0.1761603E-04 -0.1635562E-02  0.8094954E-02  0.0000000E+00
    0.0000000E+00  0.2816559E-03  0.3872407E-02  0.1766087E-03  0.1841735E-03
    0.0000000E+00  0.2571573E+00  0.1197901E+00 -0.4549635E-01 -0.5617869E-01
    0.0000000E+00  0.1175291E+00 -0.4557956E-01 -0.7524034E-02  0.0000000E+00
   -0.1602196E+00  0.1225469E+00  0.1319036E+00  0.1589415E+00  0.0000000E+00
    0.0000000E+00  0.1050354E+00  0.1040163E+00  0.9638146E-01  0.1887085E+01
    0.0000000E+00  0.0000000E+00  0.0000000E+00  0.0000000E+00 -0.3675442E-03
    0.0000000E+00  0.0000000E+00  0.0000000E+00 -0.9072037E-02  0.0000000E+00
    0.0000000E+00  0.0000000E+00  0.0000000E+00  0.2616343E-03  0.4333329E-03
    0.0000000E+00  0.0000000E+00  0.0000000E+00  0.0000000E+00 -0.3152643E-04
    0.0000000E+00  0.0000000E+00  0.0000000E+00  0.0000000E+00  0.2857771E-04
    0.0000000E+00  0.0000000E+00  0.0000000E+00  0.0000000E+00 -0.6963857E-02
    0.0000000E+00  0.0000000E+00  0.0000000E+00 -0.2569670E-01  0.0000000E+00
    0.0000000E+00  0.0000000E+00  0.0000000E+00  0.9458237E-02  0.1935437E-02
    0.0000000E+00  0.0000000E+00  0.0000000E+00  0.0000000E+00 -0.2514453E-03
    0.0000000E+00  0.0000000E+00  0.0000000E+00  0.0000000E+00 -0.8007933E-01
    0.0000000E+00  0.0000000E+00  0.0000000E+00 -0.3270805E-01  0.0000000E+00
    0.0000000E+00  0.0000000E+00  0.0000000E+00 -0.1267149E+00  0.7212286E-01
    0.0000000E+00  0.0000000E+00  0.0000000E+00  0.0000000E+00  0.1942662E+01
    0.3200254E-06  0.7616949E-05 -0.1721225E-05 -0.6269567E-05  0.0000000E+00
   -0.7512848E-03  0.1347834E-02  0.3916596E-02  0.0000000E+00  0.3756686E-05
    0.5566586E-05  0.9155924E-05  0.1045561E-05  0.0000000E+00  0.0000000E+00
    0.3733232E-06 -0.2022662E-03  0.5513317E-06 -0.1108489E-05  0.0000000E+00
   -0.9056843E-06 -0.1520691E-04 -0.2881109E-06 -0.7029309E-06  0.0000000E+00
    0.8330304E-06 -0.1902246E-03  0.3374960E-03  0.6208038E-03  0.0000000E+00
   -0.5901672E-01  0.1053254E+00  0.1890374E+00  0.0000000E+00 -0.3762813E-04
   -0.1180902E-03 -0.7930795E-05 -0.1167050E-03  0.0000000E+00  0.0000000E+00
   -0.1169615E-04 -0.3504014E-01  0.1029100E-05  0.2187336E-05  0.0000000E+00
   -0.2218499E-03 -0.2278633E+00  0.4297896E-05  0.4862908E+00  0.0000000E+00
   -0.7119532E+00  0.6778868E-05  0.1416660E+01  0.0000000E+00 -0.1731079E-01
   -0.6088020E+00 -0.1748199E-01  0.7684517E-05  0.0000000E+00  0.0000000E+00
   -0.8237157E-03 -0.1696754E+00 -0.7443898E-04  0.1503432E-03  0.0000000E+00
   -0.1017826E+02  0.7616949E-05 -0.3699044E-03  0.6300943E-04  0.4762648E-03
    0.0000000E+00 -0.4660902E-02  0.6434328E-02  0.1739826E-01  0.0000000E+00
   -0.2028745E-03 -0.2966536E-03 -0.2537518E-03  0.2364234E-03  0.0000000E+00
    0.0000000E+00 -0.7801161E-04 -0.1611416E-02 -0.4883423E-04  0.6354877E-04
    0.0000000E+00  0.1807413E-03 -0.1270704E-03 -0.1184349E-04  0.6791070E-04
    0.0000000E+00 -0.1828307E-03 -0.1313729E-01  0.1462643E-01  0.2274844E-01
    0.0000000E+00 -0.9751383E-01  0.1328918E+00  0.2108788E+00  0.0000000E+00
   -0.9796198E-02 -0.2174917E-01 -0.3005611E-02 -0.2041669E-01  0.0000000E+00
    0.0000000E+00 -0.1254763E-02 -0.5889081E-01  0.1258470E-02  0.1255294E-02
    0.0000000E+00 -0.2280300E+00 -0.3828670E+00 -0.6065033E-03  0.4204369E+00
    0.0000000E+00 -0.5545078E+00 -0.5724475E-03  0.7258507E+00  0.0000000E+00
   -0.2047278E+00 -0.4285462E+00 -0.2052273E+00  0.5228903E-03  0.0000000E+00
    0.0000000E+00 -0.3223804E-01 -0.2005027E+00 -0.2017616E-01  0.3468173E-01
    0.0000000E+00 -0.2439407E+01 -0.9982616E+00  0.1721225E-05 -0.6300943E-04
   -0.6203778E-04  0.7136332E-04  0.0000000E+00 -0.1844551E-02  0.5351731E-03
    0.6618245E-02  0.0000000E+00 -0.5952111E-04  0.6260344E-05 -0.4580429E-04
   -0.1204253E-03  0.0000000E+00  0.0000000E+00  0.6701673E-04 -0.1526642E-03
    0.2888940E-04  0.1879755E-04  0.0000000E+00 -0.8357903E-04 -0.1958000E-03
    0.1832295E-04  0.5469612E-04  0.0000000E+00 -0.3480430E-03 -0.1161410E-01
    0.8018220E-02  0.1920946E-01  0.0000000E+00 -0.3431510E-01  0.5553037E-02
    0.7077588E-01  0.0000000E+00 -0.6425665E-02 -0.2129728E-01 -0.3846917E-02
   -0.1256485E-01  0.0000000E+00  0.0000000E+00 -0.3288262E-02 -0.3945050E-01
    0.2842837E-02  0.2820274E-02  0.0000000E+00 -0.9918971E-05 -0.3158927E-03
   -0.1274734E+00  0.3607854E-03  0.0000000E+00 -0.4793739E-03 -0.1791432E+00
    0.5696720E-03  0.0000000E+00 -0.2786681E-03 -0.4268710E-03 -0.1517921E-03
    0.9183934E-01  0.0000000E+00  0.0000000E+00  0.2324785E-01  0.5123860E-01
    0.9093592E-02 -0.2777566E-01  0.0000000E+00  0.2398374E-04 -0.2842240E-03
   -0.1155515E+00  0.6269567E-05 -0.4762648E-03  0.7136332E-04  0.4940290E-03
    0.0000000E+00 -0.7453677E-02  0.1036299E-01  0.2512612E-01  0.0000000E+00
   -0.2419317E-03 -0.3338707E-03 -0.3643416E-03  0.4664999E-03  0.0000000E+00
    0.0000000E+00 -0.2128937E-03 -0.3005284E-02 -0.1011019E-03  0.4397738E-04
    0.0000000E+00  0.2750191E-03 -0.2965806E-03  0.2111292E-04  0.1027767E-03
    0.0000000E+00 -0.6002393E-03 -0.2416776E-01  0.2685883E-01  0.3651604E-01
    0.0000000E+00 -0.9616305E-01  0.1357676E+00  0.1463992E+00  0.0000000E+00
   -0.2188304E-01 -0.3570038E-01 -0.6835086E-02 -0.3697289E-01  0.0000000E+00
    0.0000000E+00 -0.2218818E-02 -0.3859571E-01  0.2533068E-02  0.1391212E-02
    0.0000000E+00 -0.4866486E+00 -0.4209711E+00 -0.5958887E-03  0.2935056E+00
    0.0000000E+00 -0.3329797E+00 -0.8402526E-03  0.9080970E-01  0.0000000E+00
   -0.2571011E+00 -0.2721639E+00 -0.2555500E+00  0.7836398E-03  0.0000000E+00
    0.0000000E+00 -0.5568476E-01 -0.1652121E+00 -0.4057175E-01  0.5689445E-01
    0.0000000E+00  0.3813704E-03 -0.4086484E-01 -0.8791416E-03 -0.1846419E+00
    0.0000000E+00  0.0000000E+00  0.0000000E+00  0.0000000E+00  0.4265772E-02
    0.0000000E+00  0.0000000E+00  0.0000000E+00  0.9796980E-03  0.0000000E+00
    0.0000000E+00  0.0000000E+00  0.0000000E+00  0.2338240E-04 -0.3191874E-03
    0.0000000E+00  0.0000000E+00  0.0000000E+00  0.0000000E+00  0.9421527E-03
    0.0000000E+00  0.0000000E+00  0.0000000E+00  0.0000000E+00  0.9059119E-03
    0.0000000E+00  0.0000000E+00  0.0000000E+00  0.0000000E+00 -0.5994428E-02
    0.0000000E+00  0.0000000E+00  0.0000000E+00 -0.3900125E-01  0.0000000E+00
    0.0000000E+00  0.0000000E+00  0.0000000E+00  0.6541970E-02  0.9706380E-02
    0.0000000E+00  0.0000000E+00  0.0000000E+00  0.0000000E+00 -0.3675442E-03
    0.0000000E+00  0.0000000E+00  0.0000000E+00  0.0000000E+00 -0.1455494E+00
    0.0000000E+00  0.0000000E+00  0.0000000E+00 -0.1710120E+00  0.0000000E+00
    0.0000000E+00  0.0000000E+00  0.0000000E+00 -0.1729025E-03  0.9394847E-01
    0.0000000E+00  0.0000000E+00  0.0000000E+00  0.0000000E+00 -0.1175979E-01
    0.0000000E+00  0.0000000E+00  0.0000000E+00  0.0000000E+00 -0.3256950E-04
   -0.7512848E-03 -0.4660902E-02  0.1844551E-02  0.7453677E-02  0.0000000E+00
   -0.2884335E-01  0.2429694E-01  0.7062391E-01  0.0000000E+00 -0.2164151E-02
   -0.7807804E-02 -0.1764082E-02 -0.2239104E-02  0.0000000E+00  0.0000000E+00
   -0.5713527E-03 -0.1309781E-01 -0.1581347E-04  0.5330936E-03  0.0000000E+00
   -0.1158434E-03 -0.4304828E-02  0.5820840E-04  0.6742887E-04  0.0000000E+00
   -0.5902156E-01 -0.9343764E-01  0.5707982E-01  0.7648963E-01  0.0000000E+00
   -0.1998471E+00  0.2156963E+00  0.2608458E+00  0.0000000E+00 -0.7897964E-01
   -0.8194666E-01 -0.4857126E-01 -0.4761168E-01  0.0000000E+00  0.0000000E+00
   -0.3049858E-01 -0.1103913E+00  0.2146548E-01  0.7646381E-02  0.0000000E+00
   -0.7125102E+00 -0.5581073E+00 -0.3720958E-02  0.3307779E+00  0.0000000E+00
   -0.6869305E+00 -0.1368611E-01  0.5888043E+00  0.0000000E+00 -0.3082949E+00
   -0.5138225E+00 -0.2848941E+00 -0.1864513E-02  0.0000000E+00  0.0000000E+00
   -0.1214142E+00 -0.3070470E+00 -0.6649855E-01  0.6618387E-01  0.0000000E+00
   -0.2004420E+01 -0.1077659E+01 -0.4883267E-03 -0.6254072E-01  0.0000000E+00
   -0.1020016E+01 -0.1347834E-02 -0.6434328E-02  0.5351731E-03  0.1036299E-01
    0.0000000E+00 -0.2429694E-01 -0.3589897E-02  0.5209473E-01  0.0000000E+00
   -0.2200008E-02 -0.1154129E-01 -0.2496585E-02 -0.6801663E-03  0.0000000E+00
    0.0000000E+00 -0.3295063E-03 -0.4037748E-02 -0.2692653E-03  0.1892483E-03
    0.0000000E+00 -0.2575393E-03 -0.6418088E-02  0.1270638E-03  0.1469491E-03
    0.0000000E+00 -0.1053165E+00 -0.1070136E+00  0.1055371E-01  0.7432966E-01
    0.0000000E+00 -0.1042472E+00 -0.2012280E-01  0.6929105E-01  0.0000000E+00
   -0.7035965E-01 -0.8800963E-01 -0.6198879E-01 -0.9149434E-02  0.0000000E+00
    0.0000000E+00 -0.6617419E-01 -0.9816592E-01  0.3661246E-01  0.1344204E-01
    0.0000000E+00 -0.1397878E-04 -0.2796516E-02 -0.1859278E+00 -0.1633829E-02
    0.0000000E+00 -0.1355431E-01 -0.1736292E+00 -0.7975836E-02  0.0000000E+00
   -0.5024197E-02 -0.1746772E-02 -0.1032338E-02  0.1659442E-01  0.0000000E+00
    0.0000000E+00  0.8844388E-01  0.6508290E-01  0.1490278E-01 -0.3813417E-01
    0.0000000E+00  0.1437615E-05 -0.3821324E-03 -0.3639536E+00 -0.7587304E-03
    0.0000000E+00 -0.3747513E-02 -0.2089319E+00 -0.3916596E-02 -0.1739826E-01
    0.6618245E-02  0.2512612E-01  0.0000000E+00 -0.7062391E-01  0.5209473E-01
    0.1488625E+00  0.0000000E+00 -0.8737090E-02 -0.2732617E-01 -0.7406631E-02
   -0.7666273E-02  0.0000000E+00  0.0000000E+00 -0.2614783E-02 -0.3404237E-01
   -0.1170482E-03  0.2476077E-02  0.0000000E+00 -0.6028550E-03 -0.1258737E-01
    0.3048304E-03  0.3616209E-03  0.0000000E+00 -0.1891318E+00 -0.2126992E+00
    0.1228474E+00  0.1271205E+00  0.0000000E+00 -0.3131309E+00  0.3058190E+00
    0.2226936E+00  0.0000000E+00 -0.1817003E+00 -0.1540872E+00 -0.1136489E+00
   -0.8228497E-01  0.0000000E+00  0.0000000E+00 -0.5723160E-01 -0.1340223E+00
    0.4230422E-01  0.1174130E-03  0.0000000E+00 -0.1417773E+01 -0.7356553E+00
   -0.9511650E-02  0.8554823E-01  0.0000000E+00 -0.6194496E+00 -0.3673303E-01
   -0.8449645E-01  0.0000000E+00 -0.4325240E+00 -0.4602579E+00 -0.3719291E+00
   -0.7711302E-02  0.0000000E+00  0.0000000E+00 -0.2338787E+00 -0.3712695E+00
   -0.1348902E+00  0.8847588E-01  0.0000000E+00 -0.2042195E-03 -0.5032648E-01
   -0.7232762E-03 -0.4577967E+00  0.0000000E+00 -0.1625737E+00 -0.6975513E-02
   -0.4968079E+00  0.0000000E+00  0.0000000E+00  0.0000000E+00  0.0000000E+00
    0.9796980E-03  0.0000000E+00  0.0000000E+00  0.0000000E+00 -0.1110037E-01
    0.0000000E+00  0.0000000E+00  0.0000000E+00  0.0000000E+00  0.7093667E-03
    0.2527489E-02  0.0000000E+00  0.0000000E+00  0.0000000E+00  0.0000000E+00
    0.5515950E-03  0.0000000E+00  0.0000000E+00  0.0000000E+00  0.0000000E+00
    0.6717878E-03  0.0000000E+00  0.0000000E+00  0.0000000E+00  0.0000000E+00
   -0.3600167E-01  0.0000000E+00  0.0000000E+00  0.0000000E+00 -0.5924505E-01
    0.0000000E+00  0.0000000E+00  0.0000000E+00  0.0000000E+00  0.1684043E-01
    0.2264079E-01  0.0000000E+00  0.0000000E+00  0.0000000E+00  0.0000000E+00
   -0.9072037E-02  0.0000000E+00  0.0000000E+00  0.0000000E+00  0.0000000E+00
   -0.1741579E+00  0.0000000E+00  0.0000000E+00  0.0000000E+00 -0.1001606E+00
    0.0000000E+00  0.0000000E+00  0.0000000E+00  0.0000000E+00 -0.2656037E-02
    0.3712731E-01  0.0000000E+00  0.0000000E+00  0.0000000E+00  0.0000000E+00
   -0.3036564E-01  0.0000000E+00  0.0000000E+00  0.0000000E+00  0.0000000E+00
   -0.2542504E+00  0.0000000E+00  0.0000000E+00  0.0000000E+00 -0.3306181E-01
    0.3756686E-05 -0.2028745E-03  0.5952111E-04  0.2419317E-03  0.0000000E+00
   -0.2164151E-02  0.2200008E-02  0.8737090E-02  0.0000000E+00 -0.1177446E-03
   -0.1518952E-03 -0.1466228E-03  0.1796541E-03  0.0000000E+00  0.0000000E+00
   -0.8648373E-04 -0.5426920E-03 -0.3083311E-04  0.4505544E-04  0.0000000E+00
    0.1323629E-03 -0.6018023E-04 -0.1322097E-04  0.3274267E-04  0.0000000E+00
   -0.3239942E-04 -0.7812261E-02  0.5075423E-02  0.1569123E-01  0.0000000E+00
   -0.5638982E-01  0.6046197E-01  0.1284656E+00  0.0000000E+00 -0.2625046E-02
   -0.1689756E-01 -0.1549656E-02 -0.9287429E-02  0.0000000E+00  0.0000000E+00
   -0.2421211E-02 -0.4620326E-01  0.1544297E-02  0.1563050E-02  0.0000000E+00
   -0.1732353E-01 -0.2045256E+00 -0.3817271E-03  0.2563304E+00  0.0000000E+00
   -0.3027968E+00 -0.7091398E-03  0.4189875E+00  0.0000000E+00 -0.1061331E+00
   -0.3052299E+00 -0.9922773E-01  0.5003549E-03  0.0000000E+00  0.0000000E+00
   -0.1744393E-01 -0.1130590E+00 -0.5236892E-02  0.2318257E-01  0.0000000E+00
   -0.9353081E+00 -0.6033110E+00 -0.7237505E-03  0.5038076E-01  0.0000000E+00
   -0.6412550E+00 -0.9728046E-03  0.5085079E-01  0.0000000E+00  0.4109256E+00
    0.5566586E-05 -0.2966536E-03 -0.6260344E-05  0.3338707E-03  0.0000000E+00
   -0.7807804E-02  0.1154129E-01  0.2732617E-01  0.0000000E+00 -0.1518952E-03
   -0.1942313E-03 -0.2215801E-03  0.1943641E-03  0.0000000E+00  0.0000000E+00
   -0.3565560E-04 -0.3125548E-02 -0.5072780E-04  0.2970429E-04  0.0000000E+00
    0.9835419E-04 -0.3308736E-03  0.1102620E-04  0.7026611E-04  0.0000000E+00
   -0.1109904E-03 -0.2411949E-01  0.3046868E-01  0.3908945E-01  0.0000000E+00
   -0.1165360E+00  0.1656930E+00  0.2047725E+00  0.0000000E+00 -0.2272844E-01
   -0.3767788E-01 -0.5018756E-02 -0.4252453E-01  0.0000000E+00  0.0000000E+00
   -0.1063048E-02 -0.5548396E-01  0.1140299E-02  0.9034916E-03  0.0000000E+00
   -0.6092402E+00 -0.4293268E+00 -0.7134099E-03  0.2727951E+00  0.0000000E+00
   -0.5125026E+00 -0.3830563E-03  0.4543772E+00  0.0000000E+00 -0.3059170E+00
   -0.8368410E-01 -0.3051825E+00  0.8011305E-03  0.0000000E+00  0.0000000E+00
   -0.6083590E-01 -0.2170853E+00 -0.4794483E-01  0.6672322E-01  0.0000000E+00
   -0.9361848E+00 -0.6565165E+00  0.7796190E-04 -0.1475082E+00  0.0000000E+00
   -0.7188013E+00  0.6082792E-04 -0.1782978E+00  0.0000000E+00 -0.6370166E+00
    0.2814970E+00  0.9155924E-05 -0.2537518E-03  0.4580429E-04  0.3643416E-03
    0.0000000E+00 -0.1764082E-02  0.2496585E-02  0.7406631E-02  0.0000000E+00
   -0.1466228E-03 -0.2215801E-03 -0.1516164E-03  0.1718707E-03  0.0000000E+00
    0.0000000E+00 -0.4396448E-04 -0.4640145E-03 -0.2943735E-04  0.5182955E-04
    0.0000000E+00  0.1495493E-03  0.4272098E-04 -0.1660741E-04  0.4857870E-04
    0.0000000E+00 -0.2218618E-05 -0.3065220E-02  0.3913231E-02  0.6969907E-02
    0.0000000E+00 -0.4942764E-01  0.6571833E-01  0.1144381E+00  0.0000000E+00
   -0.1008269E-02 -0.5650846E-02 -0.6824909E-03 -0.5346732E-02  0.0000000E+00
    0.0000000E+00  0.2564125E-03 -0.3199638E-01 -0.2979724E-04  0.2531792E-03
    0.0000000E+00 -0.1749565E-01 -0.2049983E+00 -0.3079338E-03  0.2550795E+00
    0.0000000E+00 -0.2826017E+00 -0.2010198E-03  0.3664874E+00  0.0000000E+00
   -0.9909453E-01 -0.3046841E+00 -0.1080069E+00  0.1639183E-03  0.0000000E+00
    0.0000000E+00 -0.8933389E-02 -0.1038641E+00 -0.3771987E-02  0.9149967E-02
    0.0000000E+00 -0.9334523E+00 -0.5105483E+00 -0.1525244E-03 -0.1431858E-01
    0.0000000E+00 -0.5357664E+00 -0.1193720E-03 -0.1321156E-01  0.0000000E+00
   -0.5664861E+00 -0.5824577E+00  0.6055965E+00  0.1045561E-05  0.2364234E-03
    0.1204253E-03 -0.4664999E-03  0.0000000E+00 -0.2239104E-02  0.6801663E-03
    0.7666273E-02  0.0000000E+00  0.1796541E-03  0.1943641E-03  0.1718707E-03
   -0.4092524E-03  0.0000000E+00  0.0000000E+00  0.7059006E-04  0.2553676E-05
   -0.9251386E-04 -0.7786082E-04  0.0000000E+00 -0.2056518E-03 -0.2740793E-03
    0.5603582E-04 -0.9355624E-04  0.0000000E+00 -0.1189029E-03 -0.1870784E-01
    0.1467309E-01  0.2941193E-01  0.0000000E+00 -0.2322206E-01  0.1079299E-02
    0.2216591E-01  0.0000000E+00 -0.1226296E-01 -0.3387125E-01 -0.6259166E-02
   -0.2395091E-01  0.0000000E+00  0.0000000E+00 -0.3088199E-02 -0.1667675E-01
    0.2775245E-02  0.1685590E-02  0.0000000E+00 -0.2440743E-04 -0.3665021E-03
   -0.9201541E-01  0.7107487E-03  0.0000000E+00 -0.3024725E-03 -0.1896982E-01
    0.1303830E-02  0.0000000E+00 -0.4172077E-03 -0.5372746E-03 -0.1049023E-03
   -0.2027820E+00  0.0000000E+00  0.0000000E+00  0.3835443E-01  0.2453649E-01
    0.1985577E-01 -0.4869860E-01  0.0000000E+00 -0.2497371E-04 -0.1173796E-02
    0.9015996E-01  0.1153837E-03  0.0000000E+00 -0.1143379E-02  0.8506952E-01
    0.1361947E-03  0.0000000E+00 -0.1192657E-02 -0.1462346E-02 -0.3797675E-03
    0.1489552E+01  0.0000000E+00  0.0000000E+00  0.0000000E+00  0.0000000E+00
   -0.2338240E-04  0.0000000E+00  0.0000000E+00  0.0000000E+00 -0.7093667E-03
    0.0000000E+00  0.0000000E+00  0.0000000E+00  0.0000000E+00  0.3433970E-04
    0.1643767E-04  0.0000000E+00  0.0000000E+00  0.0000000E+00  0.0000000E+00
   -0.1667909E-04  0.0000000E+00  0.0000000E+00  0.0000000E+00  0.0000000E+00
    0.5670359E-05  0.0000000E+00  0.0000000E+00  0.0000000E+00  0.0000000E+00
   -0.3406385E-02  0.0000000E+00  0.0000000E+00  0.0000000E+00 -0.9280123E-02
    0.0000000E+00  0.0000000E+00  0.0000000E+00  0.0000000E+00  0.2256994E-02
    0.5214077E-02  0.0000000E+00  0.0000000E+00  0.0000000E+00  0.0000000E+00
   -0.2616343E-03  0.0000000E+00  0.0000000E+00  0.0000000E+00  0.0000000E+00
   -0.2353018E-03  0.0000000E+00  0.0000000E+00  0.0000000E+00 -0.3131748E-03
    0.0000000E+00  0.0000000E+00  0.0000000E+00  0.0000000E+00 -0.1135860E-01
    0.1455904E-03  0.0000000E+00  0.0000000E+00  0.0000000E+00  0.0000000E+00
    0.5665114E-02  0.0000000E+00  0.0000000E+00  0.0000000E+00  0.0000000E+00
   -0.1690337E-03  0.0000000E+00  0.0000000E+00  0.0000000E+00 -0.2608157E-03
    0.0000000E+00  0.0000000E+00  0.0000000E+00  0.0000000E+00  0.1676202E+01
    0.0000000E+00  0.0000000E+00  0.0000000E+00  0.0000000E+00  0.3191874E-03
    0.0000000E+00  0.0000000E+00  0.0000000E+00 -0.2527489E-02  0.0000000E+00
    0.0000000E+00  0.0000000E+00  0.0000000E+00  0.1643767E-04  0.1785784E-03
    0.0000000E+00  0.0000000E+00  0.0000000E+00  0.0000000E+00  0.1045222E-03
    0.0000000E+00  0.0000000E+00  0.0000000E+00  0.0000000E+00  0.9705768E-04
    0.0000000E+00  0.0000000E+00  0.0000000E+00  0.0000000E+00 -0.8097890E-02
    0.0000000E+00  0.0000000E+00  0.0000000E+00 -0.2663993E-01  0.0000000E+00
    0.0000000E+00  0.0000000E+00  0.0000000E+00  0.6860441E-02  0.9922335E-02
    0.0000000E+00  0.0000000E+00  0.0000000E+00  0.0000000E+00 -0.4333329E-03
    0.0000000E+00  0.0000000E+00  0.0000000E+00  0.0000000E+00 -0.9374302E-01
    0.0000000E+00  0.0000000E+00  0.0000000E+00 -0.3814290E-01  0.0000000E+00
    0.0000000E+00  0.0000000E+00  0.0000000E+00 -0.5726979E-03 -0.1967443E+00
    0.0000000E+00  0.0000000E+00  0.0000000E+00  0.0000000E+00 -0.1314281E-01
    0.0000000E+00  0.0000000E+00  0.0000000E+00  0.0000000E+00 -0.2846346E-01
    0.0000000E+00  0.0000000E+00  0.0000000E+00 -0.3060818E-01  0.0000000E+00
    0.0000000E+00  0.0000000E+00  0.0000000E+00 -0.3864883E-03  0.1634330E+01
    0.3733232E-06 -0.7801161E-04 -0.6701673E-04  0.2128937E-03  0.0000000E+00
   -0.5713527E-03  0.3295063E-03  0.2614783E-02  0.0000000E+00 -0.8648373E-04
   -0.3565560E-04 -0.4396448E-04  0.7059006E-04  0.0000000E+00  0.0000000E+00
    0.1581275E-04 -0.2007859E-03  0.7397837E-04  0.5042835E-04  0.0000000E+00
    0.3375558E-04 -0.3295701E-04 -0.2827207E-04  0.5571928E-04  0.0000000E+00
   -0.8792060E-05 -0.6875336E-03 -0.1494664E-03  0.2920784E-02  0.0000000E+00
   -0.2786622E-01  0.1359771E-01  0.8071141E-01  0.0000000E+00  0.3714241E-03
   -0.2684427E-02  0.4930209E-03 -0.3346175E-03  0.0000000E+00  0.0000000E+00
   -0.2218122E-02 -0.4274445E-01  0.6380352E-03  0.1987598E-02  0.0000000E+00
   -0.7054794E-03 -0.3044454E-01 -0.2144314E-01  0.5316060E-01  0.0000000E+00
   -0.1187070E+00 -0.8484118E-01  0.2315186E+00  0.0000000E+00 -0.1572772E-01
   -0.5831116E-01 -0.8265651E-02  0.3589545E-01  0.0000000E+00  0.0000000E+00
   -0.1381539E-02 -0.1960806E-01 -0.8543346E-04 -0.5639004E-03  0.0000000E+00
   -0.3728759E+00 -0.4058938E+00 -0.2882229E+00  0.1762361E+00  0.0000000E+00
   -0.3922212E+00 -0.2423674E+00  0.1474270E+00  0.0000000E+00 -0.2832168E+00
   -0.2624871E+00 -0.2483807E+00  0.3533756E-01  0.0000000E+00  0.0000000E+00
   -0.7879499E-01 -0.2022662E-03 -0.1611416E-02  0.1526642E-03  0.3005284E-02
    0.0000000E+00 -0.1309781E-01  0.4037748E-02  0.3404237E-01  0.0000000E+00
   -0.5426920E-03 -0.3125548E-02 -0.4640145E-03  0.2553676E-05  0.0000000E+00
    0.0000000E+00 -0.2007859E-03 -0.3939358E-02 -0.2020660E-05  0.5520026E-04
    0.0000000E+00  0.2046560E-04 -0.2660691E-02  0.3667137E-05  0.2391684E-04
    0.0000000E+00 -0.3059965E-01 -0.5247631E-01  0.9540485E-02  0.4919413E-01
    0.0000000E+00 -0.1042038E+00  0.6133377E-01  0.1513011E+00  0.0000000E+00
   -0.3802573E-01 -0.5229223E-01 -0.2862950E-01 -0.1092803E-01  0.0000000E+00
    0.0000000E+00 -0.4233758E-01 -0.9015599E-01  0.1789613E-01  0.1541162E-01
    0.0000000E+00 -0.1623331E+00 -0.1962522E+00 -0.5084157E-01  0.1631715E+00
    0.0000000E+00 -0.3057090E+00 -0.7646278E-01  0.3627041E+00  0.0000000E+00
   -0.1119738E+00 -0.2135558E+00 -0.1013685E+00  0.2378933E-01  0.0000000E+00
    0.0000000E+00 -0.1952456E-01 -0.9998685E-01 -0.1310036E-01  0.1245368E-01
    0.0000000E+00 -0.1011574E+01 -0.6492440E+00 -0.1811629E+00  0.9283112E-01
    0.0000000E+00 -0.6013361E+00 -0.1151115E+00  0.2151076E-01  0.0000000E+00
   -0.4333597E+00 -0.4215388E+00 -0.3443764E+00  0.4952998E-01  0.0000000E+00
    0.0000000E+00 -0.4449952E+00 -0.4325266E+00 -0.5513317E-06  0.4883423E-04
    0.2888940E-04 -0.1011019E-03  0.0000000E+00  0.1581347E-04 -0.2692653E-03
   -0.1170482E-03  0.0000000E+00  0.3083311E-04  0.5072780E-04  0.2943735E-04
    0.9251386E-04  0.0000000E+00  0.0000000E+00 -0.7397837E-04  0.2020660E-05
   -0.1889118E-04 -0.1071954E-04  0.0000000E+00  0.4481431E-04 -0.3616880E-05
    0.2597402E-05 -0.1499659E-04  0.0000000E+00 -0.1431018E-05 -0.3221261E-03
   -0.5905287E-03  0.5632871E-03  0.0000000E+00  0.4191312E-02 -0.1356403E-01
   -0.1634098E-01  0.0000000E+00 -0.2136237E-03 -0.3265870E-03 -0.1760262E-03
    0.2641353E-03  0.0000000E+00  0.0000000E+00 -0.1353540E-02 -0.3565676E-02
    0.3603236E-03  0.3611459E-03  0.0000000E+00  0.5962092E-04  0.1833207E-01
    0.8034554E-02 -0.3751526E-01  0.0000000E+00  0.6381467E-01  0.1268252E-01
   -0.1312730E+00  0.0000000E+00  0.4198047E-02  0.4410152E-01  0.3224726E-02
   -0.1711446E-01  0.0000000E+00  0.0000000E+00 -0.4815657E-04  0.1316703E-01
   -0.9179730E-04  0.2659600E-03  0.0000000E+00  0.4531580E+00  0.2082420E+00
   -0.5576652E-02 -0.4660051E-01  0.0000000E+00  0.2061364E+00  0.4521115E-01
   -0.4800849E-01  0.0000000E+00 -0.1128035E+00  0.4632404E-01  0.2296192E+00
    0.4437297E+00  0.0000000E+00  0.0000000E+00  0.1852419E+00  0.1831931E+00
    0.1777398E+01  0.1108489E-05 -0.6354877E-04  0.1879755E-04  0.4397738E-04
    0.0000000E+00 -0.5330936E-03  0.1892483E-03  0.2476077E-02  0.0000000E+00
   -0.4505544E-04 -0.2970429E-04 -0.5182955E-04  0.7786082E-04  0.0000000E+00
    0.0000000E+00 -0.5042835E-04 -0.5520026E-04 -0.1071954E-04  0.1809617E-04
    0.0000000E+00  0.4627332E-04 -0.1349079E-04  0.2860809E-06  0.1570627E-04
    0.0000000E+00 -0.5125844E-06 -0.1274838E-02  0.2952346E-03  0.3796966E-02
    0.0000000E+00 -0.2098516E-01  0.1066361E-01  0.5045223E-01  0.0000000E+00
    0.7378118E-04 -0.2684419E-02 -0.3300808E-07 -0.7042182E-03  0.0000000E+00
    0.0000000E+00 -0.1656475E-02 -0.2394992E-01  0.5094744E-03  0.9326969E-03
    0.0000000E+00 -0.1296103E-03 -0.3304419E-01 -0.2581838E-01  0.5572433E-01
    0.0000000E+00 -0.6744824E-01 -0.3872446E-01  0.9421372E-01  0.0000000E+00
   -0.2078832E-01 -0.6465237E-01 -0.8452902E-02  0.4550714E-01  0.0000000E+00
    0.0000000E+00  0.4562447E-03 -0.1282290E-01  0.2100169E-03 -0.3170957E-05
    0.0000000E+00 -0.2776941E+00 -0.1277000E+00 -0.4664334E-01 -0.5290753E-01
    0.0000000E+00 -0.1263189E+00 -0.4882436E-01 -0.2984353E-02  0.0000000E+00
    0.1599030E+00 -0.1195327E+00 -0.1406902E+00 -0.1919459E+00  0.0000000E+00
    0.0000000E+00 -0.1141493E+00 -0.1128941E+00  0.1014750E+00  0.1881338E+01
    0.0000000E+00  0.0000000E+00  0.0000000E+00  0.0000000E+00  0.9421527E-03
    0.0000000E+00  0.0000000E+00  0.0000000E+00  0.5515950E-03  0.0000000E+00
    0.0000000E+00  0.0000000E+00  0.0000000E+00  0.1667909E-04 -0.1045222E-03
    0.0000000E+00  0.0000000E+00  0.0000000E+00  0.0000000E+00  0.1965685E-03
    0.0000000E+00  0.0000000E+00  0.0000000E+00  0.0000000E+00  0.1997650E-03
    0.0000000E+00  0.0000000E+00  0.0000000E+00  0.0000000E+00 -0.2949367E-03
    0.0000000E+00  0.0000000E+00  0.0000000E+00 -0.8773043E-02  0.0000000E+00
    0.0000000E+00  0.0000000E+00  0.0000000E+00  0.5278483E-03  0.9074097E-03
    0.0000000E+00  0.0000000E+00  0.0000000E+00  0.0000000E+00 -0.3152643E-04
    0.0000000E+00  0.0000000E+00  0.0000000E+00  0.0000000E+00 -0.1133412E-01
    0.0000000E+00  0.0000000E+00  0.0000000E+00 -0.2984247E-01  0.0000000E+00
    0.0000000E+00  0.0000000E+00  0.0000000E+00 -0.5002994E-02  0.1241116E-01
    0.0000000E+00  0.0000000E+00  0.0000000E+00  0.0000000E+00 -0.7061301E-03
    0.0000000E+00  0.0000000E+00  0.0000000E+00  0.0000000E+00 -0.7976814E-01
    0.0000000E+00  0.0000000E+00  0.0000000E+00 -0.3220579E-01  0.0000000E+00
    0.0000000E+00  0.0000000E+00  0.0000000E+00  0.1275898E+00 -0.7959596E-01
    0.0000000E+00  0.0000000E+00  0.0000000E+00  0.0000000E+00  0.1944623E+01
   -0.9056843E-06  0.1807413E-03  0.8357903E-04 -0.2750191E-03  0.0000000E+00
   -0.1158434E-03  0.2575393E-03  0.6028550E-03  0.0000000E+00  0.1323629E-03
    0.9835419E-04  0.1495493E-03 -0.2056518E-03  0.0000000E+00  0.0000000E+00
    0.3375558E-04  0.2046560E-04 -0.4481431E-04 -0.4627332E-04  0.0000000E+00
   -0.1048507E-03 -0.5032536E-04  0.1094874E-04 -0.8780919E-04  0.0000000E+00
    0.5257697E-05 -0.8456562E-03  0.7759441E-03  0.7289122E-03  0.0000000E+00
   -0.6145322E-02  0.1367422E-01  0.1806399E-01  0.0000000E+00 -0.8104304E-03
   -0.2662553E-03 -0.7041712E-03  0.8841717E-04  0.0000000E+00  0.0000000E+00
   -0.1668625E-03 -0.2498854E-02  0.2026083E-03 -0.6634431E-04  0.0000000E+00
   -0.7028351E-03 -0.3027461E-01  0.2123071E-01  0.5322593E-01  0.0000000E+00
   -0.1184185E+00  0.8419812E-01  0.2323444E+00  0.0000000E+00 -0.1555139E-01
   -0.5820696E-01 -0.8141502E-02 -0.3564347E-01  0.0000000E+00  0.0000000E+00
   -0.1729368E-02 -0.5726515E-01  0.4174412E-04  0.3109280E-02  0.0000000E+00
   -0.3763385E+00 -0.4076770E+00  0.2877172E+00  0.1781919E+00  0.0000000E+00
   -0.3933475E+00  0.2410990E+00  0.1488502E+00  0.0000000E+00 -0.2833750E+00
   -0.2637087E+00 -0.2495736E+00 -0.3502675E-01  0.0000000E+00  0.0000000E+00
   -0.4735088E-01 -0.1799973E+00  0.6144731E-01 -0.3395719E-02  0.0000000E+00
   -0.7939541E-01 -0.1520691E-04 -0.1270704E-03  0.1958000E-03  0.2965806E-03
    0.0000000E+00 -0.4304828E-02  0.6418088E-02  0.1258737E-01  0.0000000E+00
   -0.6018023E-04 -0.3308736E-03  0.4272098E-04 -0.2740793E-03  0.0000000E+00
    0.0000000E+00 -0.3295701E-04 -0.2660691E-02  0.3616880E-05  0.1349079E-04
    0.0000000E+00 -0.5032536E-04 -0.3602616E-03  0.2837965E-05 -0.4013613E-04
    0.0000000E+00 -0.2619788E-02 -0.1069569E-01  0.1073746E-01  0.1162670E-01
    0.0000000E+00 -0.4966245E-01  0.7560061E-01  0.9043380E-01  0.0000000E+00
   -0.1063190E-01 -0.1055523E-01 -0.4807947E-02 -0.9748177E-02  0.0000000E+00
    0.0000000E+00 -0.2030131E-02 -0.2492964E-01  0.1623707E-02  0.7792025E-03
    0.0000000E+00 -0.1618653E+00 -0.1951990E+00  0.4847478E-01  0.1634904E+00
    0.0000000E+00 -0.3007002E+00  0.6424778E-01  0.3649040E+00  0.0000000E+00
   -0.1100576E+00 -0.2132182E+00 -0.1009386E+00 -0.2407644E-01  0.0000000E+00
    0.0000000E+00 -0.5679510E-01 -0.1459721E+00 -0.1623876E-01  0.3657242E-01
    0.0000000E+00 -0.1014194E+01 -0.6503149E+00  0.1801032E+00  0.9410391E-01
    0.0000000E+00 -0.6003292E+00  0.1097681E+00  0.2493356E-01  0.0000000E+00
   -0.4334511E+00 -0.4224444E+00 -0.3449403E+00 -0.5084960E-01  0.0000000E+00
    0.0000000E+00 -0.1797377E+00 -0.3329915E+00  0.1224735E+00 -0.4355362E-01
    0.0000000E+00 -0.4452681E+00 -0.4301538E+00  0.2881109E-06  0.1184349E-04
    0.1832295E-04  0.2111292E-04  0.0000000E+00 -0.5820840E-04  0.1270638E-03
    0.3048304E-03  0.0000000E+00  0.1322097E-04 -0.1102620E-04  0.1660741E-04
   -0.5603582E-04  0.0000000E+00  0.0000000E+00  0.2827207E-04 -0.3667137E-05
    0.2597402E-05  0.2860809E-06  0.0000000E+00 -0.1094874E-04 -0.2837965E-05
   -0.6450314E-05 -0.1232833E-04  0.0000000E+00  0.3822313E-06 -0.7471507E-04
    0.1344344E-03 -0.5398704E-04  0.0000000E+00 -0.4257834E-02  0.8507288E-02
    0.1397640E-01  0.0000000E+00 -0.7774394E-04  0.4390083E-04 -0.8295395E-04
    0.1000270E-03  0.0000000E+00  0.0000000E+00  0.2932843E-04 -0.2431331E-02
   -0.5194147E-05 -0.2335968E-05  0.0000000E+00 -0.5846062E-04 -0.1812907E-01
    0.7652608E-02  0.3735806E-01  0.0000000E+00 -0.6387179E-01  0.1258105E-01
    0.1317469E+00  0.0000000E+00 -0.4068006E-02 -0.4378538E-01 -0.3117867E-02
   -0.1686459E-01  0.0000000E+00  0.0000000E+00  0.7686267E-04 -0.1573031E-01
   -0.2083368E-04  0.3200538E-04  0.0000000E+00 -0.4572338E+00 -0.2085473E+00
   -0.6517069E-02  0.4670505E-01  0.0000000E+00 -0.2071157E+00  0.4551193E-01
    0.4867428E-01  0.0000000E+00  0.1088098E+00 -0.4276372E-01 -0.2297471E+00
    0.4458275E+00  0.0000000E+00  0.0000000E+00 -0.6144993E-01 -0.1227789E+00
    0.8390283E-01 -0.5005463E-02  0.0000000E+00 -0.1865238E+00 -0.1843463E+00
    0.1777039E+01  0.7029309E-06 -0.6791070E-04  0.5469612E-04  0.1027767E-03
    0.0000000E+00 -0.6742887E-04  0.1469491E-03  0.3616209E-03  0.0000000E+00
   -0.3274267E-04 -0.7026611E-04 -0.4857870E-04  0.9355624E-04  0.0000000E+00
    0.0000000E+00 -0.5571928E-04 -0.2391684E-04 -0.1499659E-04  0.1570627E-04
    0.0000000E+00  0.8780919E-04  0.4013613E-04 -0.1232833E-04  0.5281750E-06
    0.0000000E+00  0.1944670E-05  0.1623451E-03 -0.3846119E-03 -0.2288769E-03
    0.0000000E+00 -0.4361275E-02  0.1040926E-01  0.1260902E-01  0.0000000E+00
    0.2577911E-03  0.7883677E-04  0.8927072E-04  0.8308376E-04  0.0000000E+00
    0.0000000E+00 -0.1642455E-04 -0.1518016E-02 -0.1663275E-04 -0.9349463E-04
    0.0000000E+00 -0.1277155E-03 -0.3302855E-01  0.2563563E-01  0.5579116E-01
    0.0000000E+00 -0.6785923E-01  0.3850370E-01  0.9522611E-01  0.0000000E+00
   -0.2061600E-01 -0.6476511E-01 -0.8422915E-02 -0.4517736E-01  0.0000000E+00
    0.0000000E+00 -0.3018718E-02 -0.3764445E-01 -0.1040914E-03  0.2639635E-02
    0.0000000E+00 -0.2834827E+00 -0.1291597E+00  0.4626721E-01 -0.5260329E-01
    0.0000000E+00 -0.1279576E+00  0.4881507E-01 -0.2363771E-02  0.0000000E+00
    0.1610626E+00 -0.1199265E+00 -0.1423550E+00  0.1964397E+00  0.0000000E+00
    0.0000000E+00 -0.3665947E-02 -0.4432916E-01  0.5388401E-02 -0.8396535E-02
    0.0000000E+00 -0.1154800E+00 -0.1140682E+00 -0.1030852E+00  0.1879883E+01
    0.0000000E+00  0.0000000E+00  0.0000000E+00  0.0000000E+00  0.9059119E-03
    0.0000000E+00  0.0000000E+00  0.0000000E+00  0.6717878E-03  0.0000000E+00
    0.0000000E+00  0.0000000E+00  0.0000000E+00 -0.5670359E-05 -0.9705768E-04
    0.0000000E+00  0.0000000E+00  0.0000000E+00  0.0000000E+00  0.1997650E-03
    0.0000000E+00  0.0000000E+00  0.0000000E+00  0.0000000E+00  0.1861082E-03
    0.0000000E+00  0.0000000E+00  0.0000000E+00  0.0000000E+00 -0.2746829E-04
    0.0000000E+00  0.0000000E+00  0.0000000E+00 -0.2369543E-02  0.0000000E+00
    0.0000000E+00  0.0000000E+00  0.0000000E+00  0.4507232E-03  0.6293997E-03
    0.0000000E+00  0.0000000E+00  0.0000000E+00  0.0000000E+00  0.2857771E-04
    0.0000000E+00  0.0000000E+00  0.0000000E+00  0.0000000E+00 -0.1129567E-01
    0.0000000E+00  0.0000000E+00  0.0000000E+00 -0.2983666E-01  0.0000000E+00
    0.0000000E+00  0.0000000E+00  0.0000000E+00  0.5045960E-02  0.1238661E-01
    0.0000000E+00  0.0000000E+00  0.0000000E+00  0.0000000E+00 -0.8865996E-03
    0.0000000E+00  0.0000000E+00  0.0000000E+00  0.0000000E+00 -0.7985633E-01
    0.0000000E+00  0.0000000E+00  0.0000000E+00 -0.3222461E-01  0.0000000E+00
    0.0000000E+00  0.0000000E+00  0.0000000E+00 -0.1294728E+00 -0.8162161E-01
    0.0000000E+00  0.0000000E+00  0.0000000E+00  0.0000000E+00 -0.8515396E-02
    0.0000000E+00  0.0000000E+00  0.0000000E+00  0.0000000E+00  0.1944405E+01