         0.00010000
         0.00020000
         0.00040000
         0.00080000
         0.00160000
         0.00320000
         0.00640000
         0.01280000
         0.02560000
         0.05120000
         0.10240000
         0.20480000
         0.40960000
         0.81920000
         1.63840000
         3.27680000
         6.55360000
        13.10720000
        26.21440000
        52.42880000
       104.85760000
       209.71520000
       419.43040000
       838.86080000
      1677.72160000
      3355.44320000
      6710.88640000
     13421.77280000
     26843.54560000
     53687.09120000
        -0.00010000
        -0.00020000
        -0.00040000
        -0.00080000
        -0.00160000
        -0.00320000
        -0.00640000
        -0.01280000
        -0.02560000
        -0.05120000
        -0.10240000
        -0.20480000
        -0.40960000
        -0.81920000
        -1.63840000
        -3.27680000
        -6.55360000
       -13.10720000
       -26.21440000
       -52.42880000
      -104.85760000
      -209.71520000
      -419.43040000
      -838.86080000
     -1677.72160000
     -3355.44320000
     -6710.88640000
    -13421.77280000
    -26843.54560000
    -53687.09120000
