  0 0.00,0.50,0.60 !Bq
  1 0.95,0.95,0.95 !H 
  2 0.85,0.60,0.50 !He
  3 0.85,0.60,0.50 !Li
  4 0.85,0.60,0.50 !Be
  5 0.95,0.70,0.70 !B 
  6 0.85,0.85,0.55 !C 
  7 0.50,0.50,1.00 !N 
  8 1.00,0.20,0.20 !O 
  9 0.60,0.90,0.90 !F 
 10 0.85,0.60,0.50 !Ne
 11 0.85,0.60,0.50 !Na
 12 0.85,0.60,0.50 !Mg
 13 0.85,0.60,0.50 !Al
 14 0.85,0.60,0.50 !Si
 15 0.90,0.40,0.00 !P 
 16 0.90,0.70,0.10 !S 
 17 0.10,0.90,0.10 !Cl
 18 0.85,0.60,0.50 !Ar
 19 0.85,0.60,0.50 !K 
 20 0.85,0.60,0.50 !Ca
 21 0.85,0.60,0.50 !Sc
 22 0.85,0.60,0.50 !Ti
 23 0.85,0.60,0.50 !V 
 24 0.85,0.60,0.50 !Cr
 25 0.85,0.60,0.50 !Mn
 26 0.85,0.60,0.50 !Fe
 27 0.85,0.60,0.50 !Co
 28 0.85,0.60,0.50 !Ni
 29 0.85,0.60,0.50 !Cu
 30 0.85,0.60,0.50 !Zn
 31 0.85,0.60,0.50 !Ga
 32 0.85,0.60,0.50 !Ge
 33 0.85,0.60,0.50 !As
 34 0.85,0.60,0.50 !Se
 35 0.85,0.60,0.50 !Br
 36 0.85,0.60,0.50 !Kr
 37 0.85,0.60,0.50 !Rb
 38 0.85,0.60,0.50 !Sr
 39 0.85,0.60,0.50 !Y 
 40 0.85,0.60,0.50 !Zr
 41 0.85,0.60,0.50 !Nb
 42 0.85,0.60,0.50 !Mo
 43 0.85,0.60,0.50 !Tc
 44 0.85,0.60,0.50 !Ru
 45 0.85,0.60,0.50 !Rh
 46 0.85,0.60,0.50 !Pd
 47 0.85,0.60,0.50 !Ag
 48 0.85,0.60,0.50 !Cd
 49 0.85,0.60,0.50 !In
 50 0.85,0.60,0.50 !Sn
 51 0.85,0.60,0.50 !Sb
 52 0.85,0.60,0.50 !Te
 53 0.85,0.60,0.50 !I 
 54 0.85,0.60,0.50 !Xe
 55 0.85,0.60,0.50 !Cs
 56 0.85,0.60,0.50 !Ba
 57 0.85,0.60,0.50 !La
 58 0.85,0.60,0.50 !Ce
 59 0.85,0.60,0.50 !Pr
 60 0.85,0.60,0.50 !Nd
 61 0.85,0.60,0.50 !Pm
 62 0.85,0.60,0.50 !Sm
 63 0.85,0.60,0.50 !Eu
 64 0.85,0.60,0.50 !Gd
 65 0.85,0.60,0.50 !Tb
 66 0.85,0.60,0.50 !Dy
 67 0.85,0.60,0.50 !Ho
 68 0.85,0.60,0.50 !Er
 69 0.85,0.60,0.50 !Tm
 70 0.85,0.60,0.50 !Yb
 71 0.85,0.60,0.50 !Lu
 72 0.85,0.60,0.50 !Hf
 73 0.85,0.60,0.50 !Ta
 74 0.85,0.60,0.50 !W 
 75 0.85,0.60,0.50 !Re
 76 0.85,0.60,0.50 !Os
 77 0.85,0.60,0.50 !Ir
 78 0.85,0.60,0.50 !Pt
 79 0.85,0.60,0.50 !Au
 80 0.85,0.60,0.50 !Hg
 81 0.85,0.60,0.50 !Tl
 82 0.85,0.60,0.50 !Pb
 83 0.85,0.60,0.50 !Bi
 84 0.85,0.60,0.50 !Po
 85 0.85,0.60,0.50 !At
 86 0.85,0.60,0.50 !Rn
 87 0.85,0.60,0.50 !Fr
 88 0.85,0.60,0.50 !Ra
 89 0.85,0.60,0.50 !Ac
 90 0.85,0.60,0.50 !Th
 91 0.85,0.60,0.50 !Pa
 92 0.85,0.60,0.50 !U 
 93 0.85,0.60,0.50 !Np
 94 0.85,0.60,0.50 !Pu
 95 0.85,0.60,0.50 !Am
 96 0.85,0.60,0.50 !Cm
 97 0.85,0.60,0.50 !Bk
 98 0.85,0.60,0.50 !Cf
 99 0.85,0.60,0.50 !Es
100 0.85,0.60,0.50 !Fm
101 0.85,0.60,0.50 !Md
102 0.85,0.60,0.50 !No
103 0.85,0.60,0.50 !Lr
104 0.85,0.60,0.50 !Rf
105 0.85,0.60,0.50 !Db
106 0.85,0.60,0.50 !Sg
107 0.85,0.60,0.50 !Bh
108 0.85,0.60,0.50 !Hs
109 0.85,0.60,0.50 !Mt
110 0.85,0.60,0.50 !Ds
111 0.85,0.60,0.50 !Rg
112 0.85,0.60,0.50 !Cn
113 0.85,0.60,0.50 !Ut
114 0.85,0.60,0.50 !Fl
115 0.85,0.60,0.50 !Up
116 0.85,0.60,0.50 !Lv
117 0.85,0.60,0.50 !Us
118 0.85,0.60,0.50 !Uo
119 0.85,0.60,0.50
120 0.85,0.60,0.50
121 0.85,0.60,0.50
122 0.85,0.60,0.50
123 0.85,0.60,0.50
124 0.85,0.60,0.50
125 0.85,0.60,0.50
126 0.85,0.60,0.50
127 0.85,0.60,0.50
128 0.85,0.60,0.50
129 0.85,0.60,0.50
130 0.85,0.60,0.50
131 0.85,0.60,0.50
132 0.85,0.60,0.50
133 0.85,0.60,0.50
134 0.85,0.60,0.50
135 0.85,0.60,0.50
136 0.85,0.60,0.50
137 0.85,0.60,0.50
138 0.85,0.60,0.50
139 0.85,0.60,0.50
140 0.85,0.60,0.50
141 0.85,0.60,0.50
142 0.85,0.60,0.50
143 0.85,0.60,0.50
144 0.85,0.60,0.50
145 0.85,0.60,0.50
146 0.85,0.60,0.50
147 0.85,0.60,0.50
148 0.85,0.60,0.50
149 0.85,0.60,0.50
150 0.85,0.60,0.50