 b3LYP/6-31G** opt                                                              
 NBOs in the AO basis:                                                          
 -------------------------------------------------------------------------------
    -0.054681173    0.215863363   -0.130584939    0.372516897    0.000000000
     0.278426790   -0.022483478   -0.025305489    0.000000000   -0.005442333
     0.013926879   -0.001937689   -0.019614571    0.000000000    0.000000000
     0.341108264    0.310471995    0.005530914   -0.014058628    0.000000000
     0.013371191   -0.016603435    0.033275621   -0.045618618    0.000000000
    -0.121852213    0.056828936    0.004233859    0.000000000    0.012395572
     0.014270964    0.009260197   -0.013572025    0.000000000    0.000000000
     0.012155896   -0.014543743    0.000411826   -0.078081275    0.000000000
    -0.127724644   -0.102348671   -0.052589237    0.000000000    0.004818930
     0.009597233    0.004209797    0.003779788    0.000000000    0.000000000
    -0.001738907   -0.010675095    0.001301932   -0.000722859    0.000000000
    -0.028824097   -0.028334378   -0.000470571    0.000379681    0.000000000
     0.000000000    0.000000000    0.000000000    0.000000000    0.340307483
     0.000000000    0.000000000    0.000000000    0.182435317    0.000000000
     0.000000000    0.000000000    0.000000000    0.028054188   -0.005038042
     0.000000000    0.000000000    0.000000000    0.000000000    0.001813851
     0.000000000    0.000000000    0.000000000    0.000000000    0.529290957
     0.000000000    0.000000000    0.000000000    0.342965440    0.000000000
     0.000000000    0.000000000    0.000000000   -0.032477899    0.004693342
     0.000000000    0.000000000    0.000000000    0.000000000   -0.044574273
     0.000000000    0.000000000    0.000000000   -0.035331794    0.000000000
     0.000000000    0.000000000    0.000000000    0.000868219    0.002229057
     0.000000000    0.000000000    0.000000000    0.000000000    0.000243921
     0.000000000    0.000000000    0.000000000    0.000000000   -0.000154742
    -0.046964799    0.250819221    0.330596502   -0.060578320    0.000000000
     0.101159157   -0.018104791    0.008744965    0.000000000    0.022654089
    -0.022170168   -0.018281471   -0.009961589    0.000000000    0.000000000
    -0.035923072   -0.054010604    0.002338615   -0.000021268    0.000000000
    -0.054320146    0.300995564   -0.375251644    0.058342132    0.000000000
     0.174112655   -0.167000280    0.025329148    0.000000000    0.024725855
    -0.007879179   -0.006041625   -0.004690134    0.000000000    0.000000000
     0.006713176   -0.009719030   -0.046590453   -0.006454016    0.000000000
    -0.048421827   -0.005804311   -0.058455108    0.000000000    0.004800335
    -0.001144671    0.001966101    0.000914568    0.000000000    0.000000000
    -0.017999843   -0.012642421   -0.000257430   -0.000049952    0.000000000
     0.001486803    0.004538330   -0.000383018    0.001808119    0.000000000
    -0.042056716    0.239491819   -0.214845517   -0.256052944    0.000000000
     0.040126776    0.012932382    0.011681741    0.000000000   -0.003667103
    -0.001297672   -0.017065127    0.027753458    0.000000000    0.000000000
    -0.031545246   -0.048564321   -0.000112835   -0.004352859    0.000000000
     0.007679393   -0.015196467    0.031110613    0.020556146    0.000000000
    -0.035881043    0.027782125   -0.013895166    0.000000000    0.007694867
    -0.002367261    0.002296363    0.009018387    0.000000000    0.000000000
    -0.064840595    0.278507879    0.248666814    0.268871574    0.000000000
     0.323376537    0.136044236    0.152012916    0.000000000   -0.002561465
    -0.002181472   -0.011535028    0.010699585    0.000000000    0.000000000
    -0.036311762   -0.041863864    0.000333135    0.003996920    0.000000000
    -0.038959997   -0.044072736    0.003653385    0.000926767    0.000000000
    -0.010910750    0.016598370    0.002498810   -0.082578620    0.000000000
     0.038291152   -0.118033172    0.003926316    0.000000000    0.003454141
     0.000931995    0.003985491   -0.002283358    0.000000000    0.000000000
    -0.009630460   -0.039427895    0.000453409   -0.000075456    0.000000000
    -0.005401538   -0.007241152    0.002682979    0.006313535    0.000000000
     0.106603640   -0.018843072   -0.002365214    0.000000000   -0.011733676
    -0.014742090   -0.012881897    0.002011898    0.000000000    0.000000000
     0.059212023   -0.245071692   -0.110729352    0.393852360    0.000000000
    -0.256056098   -0.034630577    0.160954881    0.000000000    0.006373054
    -0.005658392    0.009544072    0.005111301    0.000000000    0.000000000
    -0.326986214   -0.147002408    0.007743020   -0.019824246    0.000000000
     0.048174051    0.049371842   -0.002738844    0.002581655    0.000000000
    -0.008560414    0.020685621   -0.083124623   -0.006907033    0.000000000
     0.046037590    0.009246799   -0.104255810    0.000000000    0.001880697
     0.004855291    0.005113082   -0.002518443    0.000000000    0.000000000
     0.023179820    0.051474935   -0.000043286   -0.000283024    0.000000000
     0.003007432    0.014174598    0.001568346    0.016859868    0.000000000
    -0.066404697    0.009398755    0.017053427    0.000000000    0.011377661
     0.010297192    0.007491939   -0.000463219    0.000000000    0.000000000
     0.059612760   -0.246984384    0.396545826   -0.081872174    0.000000000
    -0.251443791    0.156097791   -0.034102392    0.000000000   -0.006685060
     0.006851500    0.010139989    0.003955572    0.000000000    0.000000000
     0.047021894    0.042004555    0.002808544   -0.002363519    0.000000000
    -0.328390861   -0.154992977   -0.020615697    0.004756000    0.000000000
     1.009244334   -0.005471417   -0.000266219   -0.003215942    0.000000000
     0.004859823   -0.006304650   -0.005552492    0.000000000   -0.003986822
    -0.004178164   -0.004173682   -0.000064901    0.000000000    0.000000000
    -0.011196397   -0.018460914   -0.000158168    0.000263760    0.000000000
     0.004288522   -0.009158450    0.023105432   -0.003446649    0.000000000
    -0.013504054    0.023112224   -0.002944677    0.000000000    0.000262460
    -0.000091980   -0.000223365   -0.000123146    0.000000000    0.000000000
     0.003560239   -0.003613166   -0.014476313   -0.014762789    0.000000000
    -0.022591920   -0.020882977   -0.022470700    0.000000000   -0.000166086
    -0.000224686    0.000030303   -0.000146277    0.000000000    0.000000000
    -0.002035277   -0.003563184   -0.000097420    0.000092716    0.000000000
    -0.001946816   -0.003099350    0.000077296   -0.000109650    0.000000000
     0.002167481    0.000022116   -0.009517276    0.001801504    0.000000000
    -0.007162471   -0.018397917    0.006265281    0.000000000   -0.001409958
    -0.000901079   -0.000783401    0.000095999    0.000000000    0.000000000
    -0.001329984   -0.003644373    0.000064692   -0.000020709    0.000000000
     1.012115858   -0.031704746   -0.002033190    0.000440365    0.000000000
    -0.038871582   -0.006958990    0.000666513    0.000000000   -0.007742819
    -0.009182168   -0.009113112   -0.000181565    0.000000000    0.000000000
    -0.000181365   -0.000775450    0.002164468   -0.001579229    0.000000000
    -0.000580885    0.005569483   -0.004492327    0.000000000   -0.000040823
    -0.000040370   -0.000112593    0.000046486    0.000000000    0.000000000
    -0.001129958   -0.001165283   -0.000013310   -0.000017930    0.000000000
     0.001162101    0.001098178    0.000003401   -0.000011730    0.000000000
     0.002189410    0.002834540    0.009051626    0.009860823    0.000000000
    -0.020685551    0.018888144    0.023156370    0.000000000   -0.002995641
    -0.002993369   -0.002612557   -0.000334779    0.000000000    0.000000000
    -0.000016005   -0.002269789    0.000006352   -0.000047417    0.000000000
    -0.000081860   -0.001352396   -0.001238251   -0.003734052    0.000000000
    -0.000745740   -0.002196886   -0.006318164    0.000000000    0.000149046
    -0.000349617   -0.000086722    0.000285318    0.000000000    0.000000000
     1.007677397   -0.011629132    0.001602838    0.001867075    0.000000000
    -0.006921287    0.007053261    0.007014316    0.000000000   -0.009317954
    -0.009355505   -0.009876391   -0.000075296    0.000000000    0.000000000
    -0.007193334   -0.008585945    0.000169291   -0.000490689    0.000000000
    -0.007324868   -0.008326615   -0.000509170    0.000125835    0.000000000
     0.017454879   -0.000507574   -0.108523665    0.020141684    0.000000000
    -0.142330624   -0.217248742    0.054300347    0.000000000   -0.016212164
    -0.018048592   -0.018473267   -0.000346440    0.000000000    0.000000000
    -0.014935654   -0.033810971   -0.000233460    0.000074733    0.000000000
    -0.108669931    0.423087239    0.382585774   -0.062724115    0.000000000
     0.711288015    0.200824458   -0.036422460    0.000000000   -0.042031671
    -0.016724684   -0.013826906    0.004164939    0.000000000    0.000000000
    -0.000464638   -0.005560818    0.015088315   -0.017299906    0.000000000
    -0.009811346    0.028893571   -0.037675435    0.000000000   -0.000601430
    -0.000603068   -0.000342430   -0.000167756    0.000000000    0.000000000
    -0.010843613   -0.010920694    0.000048033    0.000064706    0.000000000
     0.003327090   -0.000180884   -0.000012274    0.000042332    0.000000000
     0.000142350   -0.003431651    0.020189232    0.124315197    0.000000000
     0.002315856   -0.010935390    0.045884596    0.000000000   -0.000319104
     0.000084318    0.000177609    0.000076105    0.000000000    0.000000000
    -0.016781268    0.003277007    0.000051286   -0.000016417    0.000000000
    -0.000513950   -0.015492345   -0.108069309   -0.688805051    0.000000000
     0.037260180   -0.087170673   -0.480812226    0.000000000    0.007358218
    -0.015368626   -0.006001478    0.044226501    0.000000000    0.000000000
     0.001502254    0.026230190    0.001354215    0.010867657    0.000000000
    -0.032113884   -0.019559826   -0.004970922    0.000000000    0.004814431
     0.004814791    0.004757535    0.000036852    0.000000000    0.000000000
    -0.001031245   -0.000253877   -0.000010552   -0.000014214    0.000000000
     0.001265541   -0.004590994    0.000002696   -0.000009299    0.000000000
     0.000000000    0.000000000    0.000000000    0.000000000   -0.089868896
     0.000000000    0.000000000    0.000000000   -0.072189606    0.000000000
     0.000000000    0.000000000    0.000000000    0.001335654    0.001326602
     0.000000000    0.000000000    0.000000000    0.000000000    0.000153120
     0.000000000    0.000000000    0.000000000    0.000000000    0.012424031
     0.000000000    0.000000000    0.000000000    0.005341259    0.000000000
     0.000000000    0.000000000    0.000000000    0.000565804   -0.000698104
     0.000000000    0.000000000    0.000000000    0.000000000    0.653643790
     0.000000000    0.000000000    0.000000000    0.529570583    0.000000000
     0.000000000    0.000000000    0.000000000    0.005754817    0.009832845
     0.000000000    0.000000000    0.000000000    0.000000000    0.001352066
     0.000000000    0.000000000    0.000000000    0.000000000    0.000576752
     0.066664526   -0.607333337   -0.688896070   -0.001810129    0.000000000
    -0.032379415    2.630491930   -0.259154886    0.000000000    0.415503905
     0.074052658    0.180579346    0.251286239    0.000000000    0.000000000
     0.275595205    0.518325130    0.018285916   -0.052289111    0.000000000
     0.085144877   -0.256835017    0.006162875   -0.039073217    0.000000000
    -1.484366052    0.150366910   -0.153907275    0.000000000    0.135282152
     0.082584751    0.112888068    0.105909061    0.000000000    0.000000000
    -0.024398146    0.012599445   -0.102057044    0.015957597    0.000000000
     0.908461409   -0.305677502    0.688952818    0.000000000   -0.052613002
    -0.115130796   -0.043286554   -0.048448341    0.000000000    0.000000000
     0.160775388    0.111685761   -0.013772963    0.005844100    0.000000000
    -0.114450240   -0.030800397    0.003076098    0.001811273    0.000000000
     0.057651836   -1.404595918    0.048681665    0.469144766    0.000000000
     2.312894121    0.031421538   -2.112214825    0.000000000    0.198927353
     0.465439783    0.291594041   -0.835444085    0.000000000    0.000000000
    -0.156214113    0.442590195   -0.031109590    0.180112513    0.000000000
     0.054176433   -0.080969730    0.099333117    0.148210917    0.000000000
    -1.029472099    0.346616019    0.540020385    0.000000000   -0.026001287
     0.195377574    0.087703479   -0.302798506    0.000000000    0.000000000
     0.062503144    0.040577397    0.001348413    0.084926600    0.000000000
    -1.675421095   -0.837400778   -0.165548501    0.000000000    0.138563991
     0.206754173    0.089867667    0.128941722    0.000000000    0.000000000
     0.038186179   -0.019922303    0.014852020   -0.003568166    0.000000000
    -0.109832878   -0.180909595   -0.001277615    0.002255164    0.000000000
     0.000000000    0.000000000    0.000000000    0.000000000   -0.191963943
     0.000000000    0.000000000    0.000000000    0.464367895    0.000000000
     0.000000000    0.000000000    0.000000000    1.080180229    0.369919584
     0.000000000    0.000000000    0.000000000    0.000000000    0.004606905
     0.000000000    0.000000000    0.000000000    0.000000000   -0.056727307
     0.000000000    0.000000000    0.000000000   -0.401145553    0.000000000
     0.000000000    0.000000000    0.000000000    0.423640091   -0.127501589
     0.000000000    0.000000000    0.000000000    0.000000000    0.027058005
     0.000000000    0.000000000    0.000000000    0.061987799    0.000000000
     0.000000000    0.000000000    0.000000000    0.094076025    0.126604065
     0.000000000    0.000000000    0.000000000    0.000000000    0.001658598
     0.000000000    0.000000000    0.000000000    0.000000000   -0.006068938
     0.013619734   -1.365800345   -0.150490127   -0.519035874    0.000000000
     1.711694539   -0.706272092    2.230638380    0.000000000   -0.348028787
     0.673663529    0.156294000   -0.271992987    0.000000000    0.000000000
    -0.724060722   -1.505172557   -0.076999713    0.115198190    0.000000000
    -0.011790496    0.034163008   -0.144433015   -0.084138190    0.000000000
     0.446425126   -0.237515784   -0.263450510    0.000000000    0.151694593
    -0.062417840   -0.063288768   -0.188530089    0.000000000    0.000000000
     0.007780665    0.060564155    0.074334690   -0.019395915    0.000000000
     0.041450618    0.336429645   -0.222866206    0.000000000   -0.048335638
     0.120650346    0.014210860    0.038070163    0.000000000    0.000000000
    -0.058373860    0.102160768    0.026943765   -0.001389726    0.000000000
     0.125524141    0.066023698    0.005152544   -0.021288748    0.000000000
     0.230163637   -2.367273922    0.084132340   -0.025491162    0.000000000
     0.425439230   -1.177311779   -0.469294637    0.000000000    1.172008421
     1.023566974    0.943116538    1.001235793    0.000000000    0.000000000
     0.059237977   -0.041035033   -0.011290268   -0.142459232    0.000000000
    -0.041015684   -0.175131609    0.086193949   -0.012714459    0.000000000
     1.024144654   -0.210779900   -0.069059095    0.000000000   -0.023465406
    -0.264611991   -0.124068884    0.327665478    0.000000000    0.000000000
    -0.000542830   -0.218889166   -0.286652071   -0.319480120    0.000000000
    -0.403919215   -0.179569860   -0.492044813    0.000000000   -0.208312328
    -0.267660187   -0.078184450   -0.193434168    0.000000000    0.000000000
    -0.042475527   -0.210589033   -0.027725742    0.022392882    0.000000000
     0.026756825   -0.137415276    0.018624178   -0.023412642    0.000000000
    -0.392026838    1.443177363   -0.162886330   -0.015124817    0.000000000
     4.647242492   -0.676477570   -1.259343121    0.000000000   -1.631157186
    -1.354274984   -1.444729647    0.568631585    0.000000000    0.000000000
     0.225470315   -0.591698796    0.031853891   -0.161445029    0.000000000
     0.071597735    0.293938557   -0.275068943    0.029940615    0.000000000
    -1.433142785    0.241332229    0.147988050    0.000000000    0.529219909
     0.159196363    0.137104226    0.077095484    0.000000000    0.000000000
     0.076167591    0.216976109   -0.009989889   -0.001825138    0.000000000
    -2.682782271   -1.064477647   -0.834902871    0.000000000    0.137723604
     0.171098048    0.154173030   -0.049838560    0.000000000    0.000000000
     0.067062924   -0.143452110    0.024673814   -0.021357402    0.000000000
    -0.003591225   -0.185932231   -0.016418253    0.017069109    0.000000000
     0.001079492   -0.214433326    0.632119492   -0.355502308    0.000000000
     1.921753025   -0.056743899    0.841076306    0.000000000    1.146754922
    -1.054533779   -0.052808582   -0.137625412    0.000000000    0.000000000
     0.031709339   -0.773398256    0.156899741   -0.105380247    0.000000000
     0.027960585   -0.039005110    0.371896581   -0.111777683    0.000000000
    -1.076505774    0.636659200   -0.302518633    0.000000000   -0.457710337
     0.208756514    0.145945851    0.225346226    0.000000000    0.000000000
     0.015432139    0.039252838    0.050582681   -0.001395319    0.000000000
    -0.245272832    0.421956423   -0.542400408    0.000000000    0.222903903
    -0.117263412    0.029354847    0.029979376    0.000000000    0.000000000
    -0.073407401   -0.260601319   -0.047412753   -0.001483558    0.000000000
     0.066739898    0.311155276   -0.014512604    0.057417338    0.000000000
     0.000000000    0.000000000    0.000000000    0.000000000    0.073659158
     0.000000000    0.000000000    0.000000000   -0.393117814    0.000000000
     0.000000000    0.000000000    0.000000000   -0.410263268    1.013912856
     0.000000000    0.000000000    0.000000000    0.000000000   -0.135292831
     0.000000000    0.000000000    0.000000000    0.000000000    0.011470214
     0.000000000    0.000000000    0.000000000    0.292674895    0.000000000
     0.000000000    0.000000000    0.000000000   -0.278383866   -0.066847186
     0.000000000    0.000000000    0.000000000    0.000000000    0.010433718
     0.000000000    0.000000000    0.000000000    0.227954120    0.000000000
     0.000000000    0.000000000    0.000000000    0.088424199    0.035394543
     0.000000000    0.000000000    0.000000000    0.000000000   -0.016461238
     0.000000000    0.000000000    0.000000000    0.000000000    0.002078114
     0.000000000    0.000000000    0.000000000    0.000000000    0.929677666
     0.000000000    0.000000000    0.000000000   -1.324673780    0.000000000
     0.000000000    0.000000000    0.000000000    0.336665362   -0.002466006
     0.000000000    0.000000000    0.000000000    0.000000000    0.015058494
     0.000000000    0.000000000    0.000000000    0.000000000    0.094902682
     0.000000000    0.000000000    0.000000000    0.122760250    0.000000000
     0.000000000    0.000000000    0.000000000    0.149981762   -0.027511820
     0.000000000    0.000000000    0.000000000    0.000000000    0.088128931
     0.000000000    0.000000000    0.000000000    0.345072534    0.000000000
     0.000000000    0.000000000    0.000000000    0.016656175    0.030943605
     0.000000000    0.000000000    0.000000000    0.000000000    0.002131882
     0.000000000    0.000000000    0.000000000    0.000000000   -0.001868388
    -0.016272511    0.082684525   -0.295956417    0.056636522    0.000000000
    -2.616772251   -0.202505917    0.915612805    0.000000000   -0.964892537
    -0.831107722    1.047837137    0.096525585    0.000000000    0.000000000
     0.410182464   -0.038246929    0.082550799   -0.223642443    0.000000000
    -0.079102638   -0.194750624   -0.227607214    0.055255944    0.000000000
     2.129306405   -0.989665696   -0.066122470    0.000000000    0.284239986
    -0.261656525   -0.416949059   -0.031114858    0.000000000    0.000000000
    -0.033288871   -0.148562175    0.097282524    0.118867559    0.000000000
     1.443797316    0.791353022    0.460902508    0.000000000    0.101758220
     0.115190620   -0.107296172    0.116338991    0.000000000    0.000000000
    -0.141165193    0.079412151   -0.008460377   -0.032627304    0.000000000
    -0.042059508    0.149611762   -0.033993732   -0.021878176    0.000000000
    -0.000227859   -0.409542844    0.083173240   -0.157343273    0.000000000
     0.861474167   -0.640295843    1.529742331    0.000000000    0.089930198
     0.092922607    0.077775307   -0.015753030    0.000000000    0.000000000
     0.922013495   -2.720753322    0.040491490    0.074128227    0.000000000
    -0.037810698   -0.066819586    0.010291051   -0.007104687    0.000000000
     0.716213132   -0.169304251   -0.198875222    0.000000000   -0.084667701
    -0.096190763   -0.092804680    0.012594584    0.000000000    0.000000000
    -0.014954060   -0.043680793   -0.009658481    0.011055917    0.000000000
     0.357067269    0.512761502   -0.012198328    0.000000000   -0.018231062
    -0.022698585   -0.017489960    0.000282025    0.000000000    0.000000000
    -0.046020128    0.040895091    0.000642844    0.001186369    0.000000000
     0.076668472    0.251958777    0.000264903    0.000912894    0.000000000
     0.000000000    0.000000000    0.000000000    0.000000000   -0.035088758
     0.000000000    0.000000000    0.000000000   -0.358110703    0.000000000
     0.000000000    0.000000000    0.000000000    0.054305748   -0.126481950
     0.000000000    0.000000000    0.000000000    0.000000000    1.062753772
     0.000000000    0.000000000    0.000000000    0.000000000   -0.039269572
     0.000000000    0.000000000    0.000000000    0.164842643    0.000000000
     0.000000000    0.000000000    0.000000000   -0.029960581    0.020202765
     0.000000000    0.000000000    0.000000000    0.000000000   -0.022696762
     0.000000000    0.000000000    0.000000000    0.150597955    0.000000000
     0.000000000    0.000000000    0.000000000    0.003298419    0.014930265
     0.000000000    0.000000000    0.000000000    0.000000000   -0.005522048
     0.000000000    0.000000000    0.000000000    0.000000000   -0.009441736
    -0.004224770    0.131760394    0.198578420   -0.473243321    0.000000000
    -0.840227716    0.788615956   -0.121632462    0.000000000   -0.231721383
    -0.491256047   -0.036589825    0.288292207    0.000000000    0.000000000
     0.439502928    0.673736673    0.109890452   -1.357871844    0.000000000
     0.019724916    0.058591948   -0.023826265   -0.006935836    0.000000000
    -0.475766665   -0.016200974   -0.028724060    0.000000000    0.143785275
     0.044211486    0.037740376    0.016568284    0.000000000    0.000000000
    -0.021904204   -0.109118458    0.005379413    0.005326181    0.000000000
     0.778359021    0.030186048    0.365178053    0.000000000   -0.015778588
     0.008274891   -0.050908853   -0.001580687    0.000000000    0.000000000
     0.005537475    0.018922941   -0.009482953   -0.019108886    0.000000000
    -0.065559333   -0.083845137   -0.014518183   -0.007621633    0.000000000
     0.029871288    0.094071371    0.042664850    0.237425982    0.000000000
     0.312445714    1.591399708    0.780884264    0.000000000    0.031196739
     0.333110720    0.053637051   -0.022371431    0.000000000    0.000000000
    -0.099751842   -0.423040894   -1.179422850    0.107118227    0.000000000
     0.099590889    0.379552745   -0.046742150    0.044664039    0.000000000
    -2.243659432    0.597523883   -0.412085019    0.000000000    0.218784475
     0.274021574    0.340425707    0.111758035    0.000000000    0.000000000
    -0.033246308   -0.129043401   -0.006937393   -0.017319620    0.000000000
     1.295807318    0.223461456    0.584621139    0.000000000   -0.102181102
    -0.024642376   -0.069777119   -0.004804374    0.000000000    0.000000000
     0.007812221    0.103823546   -0.002403676   -0.002098388    0.000000000
    -0.067989700    0.079054052    0.014433296   -0.011909916    0.000000000
    -0.027921942    0.168588773    0.011851074    0.031442491    0.000000000
    -1.007795463   -0.421209996    2.174916652    0.000000000   -0.118886021
    -0.114501956   -0.113488138    0.000827049    0.000000000    0.000000000
    -0.254532159   -0.937289915    0.000557333   -0.000178408    0.000000000
    -0.072670475   -0.352670086    0.157290768    0.903506377    0.000000000
     1.803213874   -0.726302801   -1.562821118    0.000000000   -0.229890159
    -0.268937807   -0.217413488    0.212827825    0.000000000    0.000000000
    -0.036059084   -0.017643520    0.057917474    0.051643473    0.000000000
     1.327902554    0.699523646    0.023431153    0.000000000   -0.047539175
    -0.047535266   -0.048157480    0.000400480    0.000000000    0.000000000
    -0.096705820   -0.081795308   -0.000114668   -0.000154471    0.000000000
     0.050948727    0.122386773    0.000029301   -0.000101058    0.000000000
     0.000000000    0.000000000    0.000000000    0.000000000   -0.017999547
     0.000000000    0.000000000    0.000000000   -0.610488113    0.000000000
     0.000000000    0.000000000    0.000000000    0.000000000    0.000000000
     0.000000000    0.000000000    0.000000000    0.000000000    0.000000000
     0.000000000    0.000000000    0.000000000    0.000000000   -0.907413325
     0.000000000    0.000000000    0.000000000    1.298490638    0.000000000
     0.000000000    0.000000000    0.000000000   -0.023935165    0.180177201
     0.000000000    0.000000000    0.000000000    0.000000000    0.001759191
     0.000000000    0.000000000    0.000000000    0.192245412    0.000000000
     0.000000000    0.000000000    0.000000000    0.000000000    0.000000000
     0.000000000    0.000000000    0.000000000    0.000000000    0.000000000
     0.000000000    0.000000000    0.000000000    0.000000000    0.000000000
    -0.108846510    0.240726186   -0.249009013   -0.035063929    0.000000000
    -2.609481213   -2.896098838    0.846238950    0.000000000   -0.358405795
    -0.307016409   -0.295132581    0.009694548    0.000000000    0.000000000
    -0.012215379   -0.534401554    0.006532983   -0.002091270    0.000000000
    -0.225332784   -1.312683057    0.525130680   -0.224103093    0.000000000
     6.205709231   -2.505028178    0.531292466    0.000000000   -0.859842888
    -0.518881185   -0.597373843   -0.032569837    0.000000000    0.000000000
    -0.000325360    0.019350762    0.001359183    0.078397771    0.000000000
    -0.123555707    0.673744369   -0.765822829    0.000000000    0.011616233
     0.011662058    0.004368554    0.004694364    0.000000000    0.000000000
    -0.204504489   -0.235892500   -0.001344119   -0.001810684    0.000000000
     0.183352759    0.097531648    0.000343457   -0.001184588    0.000000000
    -0.049410711   -0.580958654   -0.642308749    0.039631896    0.000000000
     0.002041969    0.589716204   -0.137912983    0.000000000   -0.170440625
    -0.031050411    0.001183664    0.026295801    0.000000000    0.000000000
     0.082481596    0.182068764    0.017720272   -0.005672429    0.000000000
     0.226249231    0.127732007    0.320832541    0.055989828    0.000000000
    -2.154356410   -0.816271701    0.010677156    0.000000000    1.592489228
     0.690721965    0.565293640   -0.538935143    0.000000000    0.000000000
    -0.006226280   -0.038947386   -0.017733177   -0.010977616    0.000000000
     0.205669797   -0.024354255    0.227054056    0.000000000    0.000023031
     0.000147328   -0.019635805    0.012733143    0.000000000    0.000000000
     0.025473869    0.062262759   -0.003645831   -0.004911356    0.000000000
    -0.034688969    0.009045470    0.000931603   -0.003213113    0.000000000
    -0.108216129   -0.345909243   -0.702849450    0.054880257    0.000000000
    -1.814866708   -2.183579067    0.765570741    0.000000000   -0.272851599
    -0.245731781   -0.239460306    0.005116122    0.000000000    0.000000000
    -0.032302950   -0.498238177    0.003447664   -0.001103630    0.000000000
    -0.229512710   -1.427374109   -0.269381744   -0.011581441    0.000000000
     5.976829119   -1.503586459    0.243780743    0.000000000    0.205114622
    -1.234147132   -1.279190940   -0.330415541    0.000000000    0.000000000
    -0.003160601    0.013423134    0.018427974    0.050538224    0.000000000
    -0.053430384    0.585540140   -0.651466361    0.000000000    0.006213210
     0.006237394    0.002388379    0.002477366    0.000000000    0.000000000
    -0.176793979   -0.240826015   -0.000709334   -0.000955555    0.000000000
     0.167121804    0.107049320    0.000181253   -0.000625145    0.000000000
     0.042395080    0.175067402    0.037819544    0.006272228    0.000000000
     0.208826567   -0.289346179    0.445593343    0.000000000   -0.164954769
     0.043495431    0.091699671    0.039323887    0.000000000    0.000000000
    -0.089183327   -0.258245853    0.026499667   -0.008482797    0.000000000
     0.364512038   -0.657863164   -0.502360643    0.044784900    0.000000000
    -1.725659882    0.675775346   -0.131750229    0.000000000    0.860678890
     1.226560468    1.264656792    0.186056321    0.000000000    0.000000000
    -0.007712422   -0.070719034   -0.051639109    0.014846104    0.000000000
     0.172569706    0.475510976   -0.198439943    0.000000000    0.002928477
     0.003114356   -0.026470203    0.019041697    0.000000000    0.000000000
    -0.119396673   -0.072623493   -0.005452135   -0.007344656    0.000000000
     0.098993781    0.166361702    0.001393160   -0.004805030    0.000000000
     0.000000000    0.000000000    0.000000000    0.000000000    0.209142974
     0.000000000    0.000000000    0.000000000    0.174587593    0.000000000
     0.000000000    0.000000000    0.000000000    0.000000000    0.000000000
     0.000000000    0.000000000    0.000000000    0.000000000    0.000000000
     0.000000000    0.000000000    0.000000000    0.000000000    0.056153730
     0.000000000    0.000000000    0.000000000   -0.119415812    0.000000000
     0.000000000    0.000000000    0.000000000    1.040807140   -0.008654273
     0.000000000    0.000000000    0.000000000    0.000000000   -0.002987332
     0.000000000    0.000000000    0.000000000   -0.082426063    0.000000000
     0.000000000    0.000000000    0.000000000    0.000000000    0.000000000
     0.000000000    0.000000000    0.000000000    0.000000000    0.000000000
     0.000000000    0.000000000    0.000000000    0.000000000    0.000000000
     0.000000000    0.000000000    0.000000000    0.000000000   -0.027172711
     0.000000000    0.000000000    0.000000000    0.059210328    0.000000000
     0.000000000    0.000000000    0.000000000    0.000000000    0.000000000
     0.000000000    0.000000000    0.000000000    0.000000000    0.000000000
     0.000000000    0.000000000    0.000000000    0.000000000    0.152203448
     0.000000000    0.000000000    0.000000000   -0.204250150    0.000000000
     0.000000000    0.000000000    0.000000000   -0.001775937    0.985368353
     0.000000000    0.000000000    0.000000000    0.000000000   -0.011564289
     0.000000000    0.000000000    0.000000000    0.014267340    0.000000000
     0.000000000    0.000000000    0.000000000    0.000000000    0.000000000
     0.000000000    0.000000000    0.000000000    0.000000000    0.000000000
     0.000000000    0.000000000    0.000000000    0.000000000    0.000000000
    -0.045151437   -0.175115756   -0.265869289    0.240674871    0.000000000
    -0.675179131   -0.066179205    0.776058178    0.000000000   -0.130713464
    -0.093370120   -0.084734448    0.007044778    0.000000000    0.000000000
    -0.100791279   -0.294090566    0.004747351   -0.001519672    0.000000000
     0.004113616   -0.105487420    0.191752470   -0.060698751    0.000000000
     0.486354629   -0.767595894   -0.053073868    0.000000000    0.719420467
    -0.504435432    0.119593669    0.789242432    0.000000000    0.000000000
    -0.022464851   -0.005509962    0.057035577    0.039339112    0.000000000
     0.645989949    0.315834299    0.113032896    0.000000000   -0.019465814
    -0.019432514   -0.024732516    0.003411273    0.000000000    0.000000000
    -0.045965856    0.024829245   -0.000976737   -0.001315777    0.000000000
     0.012272457    0.051153309    0.000249581   -0.000860809    0.000000000
     0.000100488    0.133914821    0.045941100   -0.047889175    0.000000000
    -0.291611557   -0.095618857    0.110156316    0.000000000   -0.025193269
    -0.028009656   -0.028660947   -0.000531308    0.000000000    0.000000000
     0.009701846    0.009762681   -0.000358039    0.000114612    0.000000000
    -0.012815467   -0.054918500   -0.024517297    0.017844380    0.000000000
     0.299130075    0.006903530   -0.023336103    0.000000000   -0.216014164
    -0.788818760    0.835437114   -0.326474242    0.000000000    0.000000000
    -0.005694575   -0.045913221   -0.032556545   -0.000175976    0.000000000
     0.168742865    0.205710859   -0.018673549    0.000000000   -0.012468574
    -0.012471085   -0.012071366   -0.000257274    0.000000000    0.000000000
    -0.045372600   -0.018886495    0.000073664    0.000099234    0.000000000
     0.032134449    0.063157259   -0.000018823    0.000064921    0.000000000
    -0.012381563    0.227004059    0.172778097    0.099193205    0.000000000
    -1.078199079    1.705991811   -0.266850367    0.000000000   -0.124823817
    -0.195465932   -0.121090037   -0.042984364    0.000000000    0.000000000
     0.251194957    0.434044909    0.009334429    0.001655107    0.000000000
     0.041704097   -0.114314784    0.036997914   -0.004338958    0.000000000
    -0.815735643    0.027155275   -0.118293109    0.000000000    0.111762517
     0.068026792    0.060145918    0.020962478    0.000000000    0.000000000
    -0.022736896   -0.942042049    0.529350969   -0.396029152    0.000000000
     2.618455790   -1.681820849    2.269719332    0.000000000    0.215795015
    -0.264415966    0.010989364    0.228069388    0.000000000    0.000000000
     0.521763536    0.716247821   -0.020545062    0.079160830    0.000000000
    -0.786750846   -1.274537424   -0.046597045    0.052686911    0.000000000
     0.000000000    0.000000000    0.000000000    0.000000000   -0.010602245
     0.000000000    0.000000000    0.000000000    0.395119740    0.000000000
     0.000000000    0.000000000    0.000000000    0.031627520    0.041963084
     0.000000000    0.000000000    0.000000000    0.000000000    0.002955857
     0.000000000    0.000000000    0.000000000    0.000000000   -0.032476450
     0.000000000    0.000000000    0.000000000   -0.076747408    0.000000000
     0.000000000    0.000000000    0.000000000   -0.000120560   -0.008210468
     0.000000000    0.000000000    0.000000000    0.000000000    0.923112904
     0.000000000    0.000000000    0.000000000   -1.163348887    0.000000000
     0.000000000    0.000000000    0.000000000    0.288149013    0.151799659
     0.000000000    0.000000000    0.000000000    0.000000000    0.008337728
     0.000000000    0.000000000    0.000000000    0.000000000    0.044811148
    -0.048968159    0.379388208    0.194425039    0.210892046    0.000000000
    -2.395679604    0.617480339    1.992033358    0.000000000   -0.426192369
    -0.254625561   -0.288128788   -0.065558872    0.000000000    0.000000000
    -0.057491795   -0.486415336   -0.018200386   -0.008661243    0.000000000
    -0.016624044    0.093684845   -0.080107259   -0.008829524    0.000000000
     0.378158355   -0.168166016   -0.289767056    0.000000000   -0.008100577
    -0.059560195   -0.004676146   -0.006923940    0.000000000    0.000000000
    -0.039799916   -1.381896451   -0.333216101   -0.110764934    0.000000000
     4.038976520    2.579592969    0.477842854    0.000000000   -0.558165134
     0.561776274    0.003536368    0.161099334    0.000000000    0.000000000
    -0.654655357   -0.599251859    0.107490622   -0.120963474    0.000000000
     0.452272988    0.518497872    0.141534290   -0.044725325    0.000000000
     0.032457065   -0.096880398   -0.103396668   -0.072460903    0.000000000
     0.948582068   -0.770259960   -0.321397069    0.000000000    0.113027253
     0.156592214    0.098069902    0.008027300    0.000000000    0.000000000
    -0.082645250    0.044638883   -0.003969412    0.004628595    0.000000000
    -0.022270929   -0.012286194    0.003028164   -0.003537657    0.000000000
     0.388607796   -0.048890796    0.051320172    0.000000000   -0.055980080
    -0.042256123   -0.054016264   -0.012222027    0.000000000    0.000000000
    -0.009300284   -0.497303610    0.361343079    0.656505207    0.000000000
     0.793083085   -0.846354304   -2.100031000    0.000000000   -0.382521965
    -0.087379932    0.150030024    0.049059695    0.000000000    0.000000000
    -0.385553384   -1.070525422    0.015224958    0.022415760    0.000000000
     0.039844117   -0.472823131    0.091838246   -0.019825524    0.000000000
     0.029168236    0.144980759   -0.366161266   -0.377548374    0.000000000
     0.502911291   -0.059411577   -0.160399709    0.000000000    0.375034828
     0.234410615    0.013494568    0.249648632    0.000000000    0.000000000
    -0.068118116    0.026224669    0.013905004    0.024183065    0.000000000
     0.005544856    0.037335500    0.022271899   -0.024706362    0.000000000
    -0.222874966    0.153737407   -0.015905720    0.000000000   -0.070558792
     0.033177379    0.024136802    0.041390217    0.000000000    0.000000000
    -0.021201217    0.118253559   -0.209556444   -0.057876176    0.000000000
    -0.177234153   -0.470866407   -0.290721858    0.000000000   -0.166304932
    -1.005195842    0.563773524   -0.964880500    0.000000000    0.000000000
     0.223620441   -0.096802821   -0.152623614    0.071655538    0.000000000
    -0.160478939   -0.198244164   -0.089090794   -0.056532834    0.000000000
     0.020703181   -0.190362194    0.016557153    0.047723934    0.000000000
     1.431275941   -0.673306063   -0.749820392    0.000000000    0.015551830
     0.009637341    0.093929036   -0.072629152    0.000000000    0.000000000
    -0.037886127    0.083587113    0.002524831   -0.012664278    0.000000000
    -0.011216026   -0.070568014    0.026004060    0.005650047    0.000000000
     0.186262093   -0.046251489    0.120894618    0.000000000    0.004213395
    -0.019578453   -0.071865297    0.006319703    0.000000000    0.000000000
     0.513727308   -0.725300593    0.012901946    0.018390823    0.000000000
    -4.765321706   -0.555423693   -0.561794848    0.000000000    1.697413486
     1.655433154    1.676411052   -0.188390636    0.000000000    0.000000000
    -0.204339198    0.535843330    0.040299638   -0.166443829    0.000000000
    -0.217734187    0.519241216   -0.172724680    0.026228841    0.000000000
     0.000000000    0.000000000    0.000000000    0.000000000   -0.084585762
     0.000000000    0.000000000    0.000000000   -0.281737812    0.000000000
     0.000000000    0.000000000    0.000000000    0.054713801    0.111263822
     0.000000000    0.000000000    0.000000000    0.000000000    0.002657815
     0.000000000    0.000000000    0.000000000    0.000000000   -0.000210394
     0.000000000    0.000000000    0.000000000    0.088322655    0.000000000
     0.000000000    0.000000000    0.000000000   -0.025000857   -0.003265782
     0.000000000    0.000000000    0.000000000    0.000000000   -0.278515422
     0.000000000    0.000000000    0.000000000    0.423061256    0.000000000
     0.000000000    0.000000000    0.000000000    1.055182825   -0.034430053
     0.000000000    0.000000000    0.000000000    0.000000000   -0.072368138
     0.000000000    0.000000000    0.000000000    0.000000000    0.191713996
     0.000000000    0.000000000    0.000000000    0.000000000   -0.085163431
     0.000000000    0.000000000    0.000000000   -0.256114572    0.000000000
     0.000000000    0.000000000    0.000000000    0.112205901    0.078316664
     0.000000000    0.000000000    0.000000000    0.000000000    0.014967134
     0.000000000    0.000000000    0.000000000    0.000000000   -0.023162282
     0.000000000    0.000000000    0.000000000    0.103892007    0.000000000
     0.000000000    0.000000000    0.000000000   -0.009666353   -0.006050891
     0.000000000    0.000000000    0.000000000    0.000000000   -0.169327572
     0.000000000    0.000000000    0.000000000    0.287764853    0.000000000
     0.000000000    0.000000000    0.000000000    0.006523283    1.080510697
     0.000000000    0.000000000    0.000000000    0.000000000    0.187939636
     0.000000000    0.000000000    0.000000000    0.000000000   -0.049377969
    -0.032027737    0.065404599    0.053500142    0.313798861    0.000000000
    -1.207276791   -0.175109822    1.334606724    0.000000000   -0.067133037
    -0.390545079   -0.115671083   -0.075798567    0.000000000    0.000000000
    -0.084059804   -0.523348010    0.037709634    0.003097973    0.000000000
    -0.045926080   -0.057405660   -0.011840219   -0.001308273    0.000000000
     0.924517549   -0.317191009   -0.240035280    0.000000000   -0.043368159
    -0.137338899   -0.117759884    0.077681715    0.000000000    0.000000000
    -0.018739482   -0.630625306   -0.408808810    0.353870751    0.000000000
     1.971251860    0.956080709    0.286232286    0.000000000    1.292309590
    -0.880432763   -0.255930434    0.419919326    0.000000000    0.000000000
     0.307326434   -0.189258187   -0.131433042    0.239253429    0.000000000
    -0.572301434    0.104386831   -0.302917018    0.177874043    0.000000000
     0.017700200    0.159443155   -0.020866523   -0.070409529    0.000000000
     0.101906192    0.313300455   -0.008934970    0.000000000   -0.010699170
    -0.005108883    0.038399976    0.071449634    0.000000000    0.000000000
     0.046647000    0.061795080   -0.007049098   -0.025187605    0.000000000
     0.025634544    0.094591293   -0.037028278   -0.010223051    0.000000000
    -0.520233851    0.164892621   -0.048585228    0.000000000    0.051911740
     0.089701702    0.090248207    0.019628142    0.000000000    0.000000000
    -0.023519094   -0.462616988   -0.007178734   -0.075984409    0.000000000
     1.646285885   -0.534375149   -0.460104533    0.000000000    0.534214906
     0.585782891   -0.866672256   -0.950537146    0.000000000    0.000000000
    -0.795761429   -0.415201980    0.001085672   -0.359218752    0.000000000
    -0.739703523   -0.440867758   -0.308799932   -0.056224408    0.000000000
     0.004996007    0.119079370    0.036179530   -0.000270813    0.000000000
    -0.394317229    0.114344356    0.419538856    0.000000000   -0.043866817
    -0.045319485   -0.041710467   -0.000147503    0.000000000    0.000000000
    -0.030111405   -0.152193653   -0.000149320   -0.001155457    0.000000000
     0.001898796    0.039564022   -0.011515772   -0.011406924    0.000000000
    -0.022891163   -0.016659559   -0.024251173    0.000000000    0.009473897
     0.002766133    0.015846819    0.007218038    0.000000000    0.000000000
     0.021160180    0.158054942    0.061643532   -0.133890476    0.000000000
    -0.743104541   -0.004935385    0.757810862    0.000000000    0.054342915
     0.073923895    0.046989084   -0.014965771    0.000000000    0.000000000
    -0.932914385    2.189334116   -0.014280181   -0.076154421    0.000000000
    -0.016689170   -0.124165042   -0.002224763   -0.001842847    0.000000000
     0.000000000    0.000000000    0.000000000    0.000000000   -0.008253298
     0.000000000    0.000000000    0.000000000    0.157627988    0.000000000
     0.000000000    0.000000000    0.000000000    0.007575976   -0.014777583
     0.000000000    0.000000000    0.000000000    0.000000000   -0.005439350
     0.000000000    0.000000000    0.000000000    0.000000000    0.008310577
     0.000000000    0.000000000    0.000000000   -0.057338526    0.000000000
     0.000000000    0.000000000    0.000000000    0.015537552   -0.007765109
     0.000000000    0.000000000    0.000000000    0.000000000   -0.020417500
     0.000000000    0.000000000    0.000000000   -0.334272880    0.000000000
     0.000000000    0.000000000    0.000000000   -0.065781344    0.184664043
     0.000000000    0.000000000    0.000000000    0.000000000    1.094165439
     0.000000000    0.000000000    0.000000000    0.000000000    0.011133244
     0.008300797   -0.106716440   -0.035559454   -0.098103829    0.000000000
     0.857225710   -0.289582093   -0.497733289    0.000000000    0.027747376
     0.121596610    0.047208763   -0.014688947    0.000000000    0.000000000
    -0.031476009    0.069260382    0.002946599    0.015456071    0.000000000
    -0.007468105   -0.047167367    0.022071043    0.002882793    0.000000000
     0.081870328   -0.024894555    0.067774459    0.000000000   -0.020132928
    -0.006240114   -0.055090406   -0.010702007    0.000000000    0.000000000
     0.025081405    0.101100999    0.050524492    0.046379204    0.000000000
    -0.768333816   -1.126573689   -0.348135161    0.000000000   -0.061183388
     0.093815817    0.066493062    0.156353011    0.000000000    0.000000000
     0.059051758    0.138997078    1.056047896    0.426038736    0.000000000
    -0.108788167   -0.486857857    0.018861867    0.065143368    0.000000000
     0.006159887    0.006859469    0.003562625   -0.032989194    0.000000000
    -0.255548891    0.369792578    0.077358136    0.000000000    0.076071210
     0.034391877    0.010789885    0.015162855    0.000000000    0.000000000
     0.023254771    0.008289592    0.001081526    0.014251229    0.000000000
     0.015892310    0.052068986    0.009045556   -0.005693945    0.000000000
    -0.365786700    0.083444973   -0.026621301    0.000000000    0.025177718
     0.045571685    0.058417218    0.014012435    0.000000000    0.000000000
    -0.023919969   -0.211905740   -0.170362337    0.564679147    0.000000000
    -0.062562501   -0.159597973    0.813192732    0.000000000   -0.100381839
    -0.675780412   -0.033151205    0.219692525    0.000000000    0.000000000
     0.579194240    0.914070002   -0.516617017    1.413890961    0.000000000
     0.022320373   -0.171655568    0.036167304   -0.009698404    0.000000000
     0.003538346    0.100570976    0.010738155    0.031134989    0.000000000
    -0.362469931    0.308593865    0.386157811    0.000000000   -0.041789669
    -0.037636080   -0.034921729    0.000404257    0.000000000    0.000000000
     0.019761233   -0.214034297    0.000221865   -0.001275441    0.000000000
     0.007512005   -0.004318973   -0.003533368   -0.004762016    0.000000000
    -0.104337204    0.012158963   -0.072344375    0.000000000    0.013889094
     0.003711802    0.016774086    0.006213324    0.000000000    0.000000000
     0.020022254    0.167415645   -0.154409167    0.046762199    0.000000000
    -0.706460084    0.887071926    0.044608316    0.000000000    0.075797533
     0.054543129    0.046322728   -0.018562002    0.000000000    0.000000000
    -0.026212796   -0.136806165   -0.003787440   -0.003228790    0.000000000
    -0.912054474    2.239042562   -0.086456809   -0.058274041    0.000000000
     0.000000000    0.000000000    0.000000000    0.000000000   -0.012151041
     0.000000000    0.000000000    0.000000000    0.159743686    0.000000000
     0.000000000    0.000000000    0.000000000   -0.006646734   -0.000168217
     0.000000000    0.000000000    0.000000000    0.000000000   -0.009291923
     0.000000000    0.000000000    0.000000000    0.000000000    0.010024605
     0.000000000    0.000000000    0.000000000   -0.055257795    0.000000000
     0.000000000    0.000000000    0.000000000    0.009413590   -0.007634958
     0.000000000    0.000000000    0.000000000    0.000000000   -0.021386852
     0.000000000    0.000000000    0.000000000   -0.335197290    0.000000000
     0.000000000    0.000000000    0.000000000    0.191177136   -0.048465343
     0.000000000    0.000000000    0.000000000    0.000000000    0.011123172
     0.000000000    0.000000000    0.000000000    0.000000000    1.095134787
     0.011226027   -0.125441085   -0.063808872   -0.027868305    0.000000000
     1.066252883   -0.464265106   -0.369556450    0.000000000    0.135034331
     0.046027997    0.047415143   -0.012428097    0.000000000    0.000000000
    -0.056711095   -0.030652080    0.007038869    0.011362707    0.000000000
     0.002933122    0.002431578    0.008982822   -0.012826508    0.000000000
    -0.067470278    0.100973604    0.081148413    0.000000000   -0.026141566
     0.030533564    0.002653866   -0.008785982    0.000000000    0.000000000
     0.027850380    0.109107528    0.046123799    0.048150573    0.000000000
    -0.915671026   -0.246258978   -1.144906901    0.000000000    0.056104236
    -0.026471944    0.070956428    0.173098676    0.000000000    0.000000000
    -0.102552709   -0.473540374    0.062694947    0.025386205    0.000000000
     0.039237810    0.237133581    0.363322428    1.080016830    0.000000000
     0.000242778   -0.003525150   -0.012375485   -0.033125378    0.000000000
    -0.304174163    0.017302708    0.403491962    0.000000000    0.013936674
     0.063575487   -0.003351741    0.011113892    0.000000000    0.000000000
    -0.014848440   -0.209484259   -0.017025980    0.011401510    0.000000000
     0.001745262    0.024364954   -0.012088575    0.003806358    0.000000000
     0.025792243    0.019217660   -0.047823880    0.000000000   -0.009875983
    -0.004079916    0.027601538   -0.005879027    0.000000000    0.000000000
    -0.026428120   -0.222749135    0.578635695   -0.119659808    0.000000000
    -0.033542350    0.874632936   -0.066131962    0.000000000   -0.714342970
    -0.070618669   -0.037503236    0.153028487    0.000000000    0.000000000
     0.019076194   -0.163066890   -0.014452870    0.034500365    0.000000000
     0.592110101    0.936239525    1.451806191   -0.414897866    0.000000000
     0.084523521   -0.363287269    0.271561461   -0.689824149    0.000000000
    -0.542033363    0.130400923   -0.189491076    0.000000000   -0.049709423
    -0.076355193   -0.047200544    0.025000317    0.000000000    0.000000000
     0.806849132    0.569777124    0.009883546   -0.028636754    0.000000000
    -0.010146744   -0.039221429   -0.007063155    0.082278311    0.000000000
     0.149248371   -0.056259204    0.011678957    0.000000000   -0.019505356
    -0.026770751   -0.022547296    0.013488186    0.000000000    0.000000000
    -0.008955395   -0.015051085   -0.053996964    0.062726333    0.000000000
     0.153765807    0.102002711    0.048478232    0.000000000   -0.008356940
    -0.012405281   -0.009176928   -0.003164765    0.000000000    0.000000000
    -0.020215176    0.000634882   -0.001342126    0.000071268    0.000000000
    -0.001531508    0.023906410   -0.000165634   -0.000424579    0.000000000
     0.000000000    0.000000000    0.000000000    0.000000000    0.697456586
     0.000000000    0.000000000    0.000000000    0.393456721    0.000000000
     0.000000000    0.000000000    0.000000000    0.042124066   -0.007564746
     0.000000000    0.000000000    0.000000000    0.000000000    0.002723542
     0.000000000    0.000000000    0.000000000    0.000000000   -0.485118362
     0.000000000    0.000000000    0.000000000   -0.342524370    0.000000000
     0.000000000    0.000000000    0.000000000    0.050272737   -0.007010609
     0.000000000    0.000000000    0.000000000    0.000000000   -0.092204841
     0.000000000    0.000000000    0.000000000   -0.056878095    0.000000000
     0.000000000    0.000000000    0.000000000    0.001303653    0.003346986
     0.000000000    0.000000000    0.000000000    0.000000000    0.000366254
     0.000000000    0.000000000    0.000000000    0.000000000   -0.000232349
    -0.090320376    0.581759242    0.862335114   -0.164508783    0.000000000
     0.348072639    0.156312095    0.056997272    0.000000000    0.064324002
     0.011508745    0.018774419   -0.012020936    0.000000000    0.000000000
    -0.015487896   -0.100890866    0.004268688   -0.000372496    0.000000000
     0.087350585   -0.599602226    0.638087249   -0.100045215    0.000000000
    -0.106010904    0.422286053   -0.077987600    0.000000000   -0.135657229
    -0.040286728   -0.039181339    0.016934653    0.000000000    0.000000000
     0.005748530    0.004670426   -0.082733440    0.058284465    0.000000000
    -0.018738887    0.061145790   -0.097485820    0.000000000    0.008246057
     0.000129446    0.003182714    0.002020717    0.000000000    0.000000000
    -0.035128272   -0.027461784   -0.000572524   -0.000365616    0.000000000
     0.028577583    0.024091882   -0.000467010    0.002276347    0.000000000
    -0.098975243    0.601612430   -0.546738415   -0.628905132    0.000000000
     0.103477883   -0.087577257   -0.027719070    0.000000000    0.019808897
     0.022295448   -0.001491178    0.038845155    0.000000000    0.000000000
     0.011795514   -0.078414020   -0.000054494   -0.005714558    0.000000000
     0.004836025    0.028501582    0.021460209    0.076420995    0.000000000
    -0.025413047    0.010289364   -0.034449932    0.000000000    0.015836080
    -0.004438704    0.011403277    0.018643387    0.000000000    0.000000000
     0.084478371   -0.501107590   -0.455979030   -0.482470284    0.000000000
    -0.020436434   -0.188480591   -0.196695850    0.000000000   -0.055303426
    -0.056544447   -0.039823728   -0.019233955    0.000000000    0.000000000
    -0.038296855    0.024460332    0.000007320   -0.002765496    0.000000000
    -0.044260473    0.017208099   -0.002391205   -0.000385695    0.000000000
     0.002538838    0.033306044   -0.047850084    0.020155476    0.000000000
    -0.015669997    0.015431878    0.030561688    0.000000000   -0.002249880
     0.000871775   -0.000197774    0.000883888    0.000000000    0.000000000
     0.012448781    0.012858758   -0.000325037   -0.000471648    0.000000000
     0.000656619    0.026219010   -0.007174769   -0.007223609    0.000000000
    -0.042184781    0.003043872   -0.003159032    0.000000000    0.008714763
     0.008847053    0.009481767   -0.000357033    0.000000000    0.000000000
    -0.078362631    0.372707326    0.186417365   -0.637296957    0.000000000
     0.355530850    0.134685366   -0.389774311    0.000000000    0.023137006
     0.051759061    0.018694034   -0.011233738    0.000000000    0.000000000
    -0.959798001   -0.480138497    0.014096122   -0.039122102    0.000000000
     0.028929654    0.009480962    0.000406785   -0.001266729    0.000000000
     0.002027480    0.025363484    0.035392298   -0.052953632    0.000000000
    -0.008335895    0.020733397    0.039535820    0.000000000    0.001971090
    -0.001431103    0.000818871    0.001241860    0.000000000    0.000000000
     0.018999710   -0.027063274    0.000620244   -0.000268277    0.000000000
    -0.002425120   -0.008183422   -0.006041707   -0.011662486    0.000000000
     0.024516502   -0.008083871   -0.021787089    0.000000000   -0.004609402
    -0.005404019   -0.002396141    0.001515055    0.000000000    0.000000000
    -0.079009783    0.377137880   -0.656889497    0.134082249    0.000000000
     0.363303697   -0.386457177    0.102255777    0.000000000    0.053375481
     0.021758726    0.018155401   -0.008604293    0.000000000    0.000000000
     0.026991072    0.011193773   -0.001467252    0.000176722    0.000000000
    -0.955883264   -0.480543070   -0.040503654    0.008498591    0.000000000
     1.983779071    1.998628290    1.996935926    1.997657410    1.991369561
     1.991960576    1.999587812    1.999818645    1.999570641    1.982836583
     1.852970463    1.746695349    0.013781135    0.007287865    0.003285653
     0.002417720    0.000379911    0.000009889    0.000014299    0.000000000
     0.000000000    0.000006611    0.004002844    0.000047590    0.000025728
     0.000029956    0.002375338    0.000708520    0.000364983    0.000082011
     0.000020835    0.000003818    0.000000000    0.000000000    0.000001067
     0.000001484    0.001456064    0.001330223    0.000773372    0.000191340
     0.000030919    0.000000000    0.000000000    0.000000000    0.000006220
     0.000002390    0.003084203    0.000416814    0.000115259    0.000010971
     0.001495801    0.000497443    0.000111259    0.000011088    0.067918729
     0.248390118    0.006795265    0.066064555    0.014342228    0.010297830
   1  1  1  1  1  1  1  1  1  1  1  1  1  1  1  1  1  1  1  1
   1  1  1  1  1  1  1  1  1  1  1  1  1  1  1  1  1  1  1  1
   1  1  1  1  1  1  1  1  1  1  1  1  1  1  1  1  1  1  1  1
   2  2  2  2  2  2  1  1  1  1  1  1 21 21 21 21 21 21 21 21
  21 21 21 21 21 21 21 21 21 21 21 21 21 21 21 21 21 21 21 21
  21 21 21 21 21 21 21 21 21 21 21 21 21 21 22 12 22 22 22 22
 CR CR CR LP LP BD BD BD BD BD BD RY RY RY RY RY RY RY RY RY 
 RY RY RY RY RY RY RY RY RY RY RY RY RY RY RY LP RY RY RY RY 
 RY RY RY RY RY RY RY RY RY RY RY RY RY RY BD BD BD BD BD BD 
                                  *  *  *  *  *  *  *  *  *  
 *  *  *  *  *  *  *  *  *  *  *  *  *  *  *     *  *  *  *  
 *  *  *  *  *  *  *  *  *  *  *  *  *  *  *  *  *  *  *  *  
   1  1  1  1  2  1  1  2  1  1  1  1  2  3  4  5  6  7  8  9
  10  1  2  3  4  1  2  3  4  5  6  7  8  9 10  1  1  2  3  4
   5  6  7  8  9 10  1  2  3  4  1  2  3  4  1  1  2  1  1  1
   1  3  4  3  3  1  1  1  1  4  4  1  1  1  1  1  1  1  1  1
   1  2  2  2  2  3  3  3  3  3  3  3  3  3  3  4  4  4  4  4
   4  4  4  4  4  4  5  5  5  5  6  6  6  6  1  1  1  1  4  4
   0  0  0  0  0  2  3  3  4  5  6  0  0  0  0  0  0  0  0  0
   0  0  0  0  0  0  0  0  0  0  0  0  0  0  0  0  0  0  0  0
   0  0  0  0  0  0  0  0  0  0  0  0  0  0  2  3  3  4  5  6
   0  0  0  0  0  0  0  0  0  0  0  0  0  0  0  0  0  0  0  0
   0  0  0  0  0  0  0  0  0  0  0  0  0  0  0  0  0  0  0  0
   0  0  0  0  0  0  0  0  0  0  0  0  0  0  0  0  0  0  0  0
   6  7  8  9 10 11  1  2  3  4  5 36 12 13 14 15 16 17 18 19
  20 21 22 23 24 25 26 27 28 29 30 31 32 33 34 35 37 38 39 40
  41 42 43 44 45 46 47 48 49 50 51 52 53 54 55 56 57 58 59 60
   6  1  8  7  1  1
