   -0.1818710E+01 -0.2211009E+01 -0.1481448E+01 -0.1734723E-17 -0.3469447E-17
    0.6631157E-01 -0.3784153E-02 -0.7050435E-02 -0.1387779E-15  0.5287992E-01
   -0.1421826E-17 -0.2816366E-17  0.4174872E-18  0.1396247E-17  0.5590602E-01
   -0.6188398E+00 -0.5550435E+00  0.6162976E-32  0.2779964E-01 -0.8281698E-17
   -0.4212604E+00 -0.8673617E-18 -0.8673617E-18 -0.1160675E+00 -0.5551115E-16
    0.4080011E-18 -0.1387779E-16 -0.1636057E+00 -0.4639096E-03 -0.2727518E-03
    0.2853035E-32 -0.1359362E+00  0.1339573E-17  0.9923248E-01 -0.1110223E-15
   -0.2478695E+00 -0.4954036E-18 -0.6943700E-18  0.4080011E-18  0.1339573E-17
   -0.1332461E+00 -0.1392305E-16  0.1933675E-17  0.3910146E-17 -0.2190884E+00
   -0.3187888E+00 -0.2989951E+00 -0.6938894E-17  0.2553671E-01 -0.5607614E-17
   -0.3419463E+00 -0.1387779E-16  0.1198101E+00 -0.1509035E-16 -0.3338834E+00
   -0.2168404E-18 -0.2168404E-18 -0.7568168E-01  0.2775558E-16  0.1991570E-18
    0.0000000E+00 -0.1492797E+00  0.1734723E-17  0.1863809E-17 -0.1387779E-16
   -0.1582580E+00 -0.2392812E-03  0.4212933E-03 -0.5551115E-16 -0.8818497E-01
    0.6389601E-18  0.7769516E-01 -0.1734723E-17 -0.2208612E+00  0.2594651E-17
    0.1139210E+00 -0.1734723E-17 -0.2317312E+00 -0.1904963E-18 -0.2325444E-18
    0.1991570E-18  0.6389601E-18 -0.8831911E-01 -0.9347621E-17  0.1863809E-17
    0.2594651E-17 -0.2054457E+00 -0.1379655E-16  0.2529666E-17  0.1927020E-17
   -0.2294784E+00  0.1691123E-04  0.2777659E-03  0.1387779E-16 -0.1145759E-01
   -0.7768137E-17  0.1740456E-02  0.2081668E-16 -0.2902451E-01 -0.9555014E-17
    0.1524759E-02 -0.5204170E-17 -0.1709393E-01 -0.5059730E-17  0.2914624E+00
    0.4563050E-19  0.5333094E-19 -0.6907243E-17  0.3516586E-19  0.0000000E+00
    0.1078803E-17 -0.8499037E-17  0.2902841E-19 -0.1201852E-16  0.9367160E-18
   -0.4434930E-17 -0.6515308E-20 -0.2708612E-33  0.1176940E-17  0.3092564E+00
    0.1526219E-18  0.1784236E-18  0.3516586E-19 -0.7261145E-17  0.1650465E-01
    0.3446794E-17  0.2902841E-19 -0.9093974E-17  0.4122969E-01  0.2841896E-17
   -0.6515308E-20 -0.4714942E-17  0.2777765E-01 -0.3803156E-18 -0.6245005E-16
    0.2915670E+00  0.3501486E-03  0.5180489E-03  0.2403703E-16 -0.1649237E-01
    0.1769508E-18  0.2181402E-01  0.4807407E-16 -0.4398259E-01  0.2974682E-18
    0.2086266E-01 -0.1502315E-16 -0.2775024E-01  0.1400057E-18 -0.1094405E-01
    0.6092478E-18 -0.1939366E-17  0.3019060E+00 -0.2422482E-16 -0.1877893E-18
    0.1745929E-01  0.0000000E+00  0.3516586E-19 -0.3004629E-17  0.4376983E-01
   -0.3605555E-16  0.2902841E-19 -0.3004629E-17  0.2647914E-01  0.6009258E-17
   -0.6515308E-20  0.7661804E-16  0.2802747E-17  0.7540629E-19  0.1353084E-15
    0.2878610E+00 -0.9062868E-03 -0.7677726E-03  0.1518493E-01  0.2614285E-01
   -0.2491684E-17 -0.1317223E+00  0.1586980E+00  0.2746704E+00 -0.2335217E-16
   -0.1722839E+00  0.1335869E+00  0.2311760E+00 -0.1949872E-16  0.6446606E-01
    0.8359728E-17  0.1465017E-16  0.5585780E-01 -0.9670379E-01 -0.1818710E+01
   -0.7677726E-03 -0.1360731E-03  0.2035084E-01  0.3577687E-01 -0.1709300E-17
   -0.1277595E+00  0.1457502E+00  0.2531542E+00  0.0000000E+00 -0.1638850E+00
    0.1239259E+00  0.2152090E+00  0.0000000E+00  0.6931918E-01  0.1179837E-16
    0.2059521E-16  0.6030903E-01 -0.1040419E+00 -0.2211009E+01 -0.1481448E+01
   -0.1504790E-01 -0.2080826E-01  0.2677508E-02  0.4997695E-01 -0.7409676E-17
   -0.5049835E-01 -0.2342435E-01  0.6197198E-01  0.0000000E+00 -0.3715557E-01
   -0.3178378E-01  0.3673519E-01  0.0000000E+00  0.7303524E-02  0.6950823E-17
    0.4130400E-16  0.4204773E-01  0.1335015E-01  0.3277173E-02  0.6105856E-02
    0.5623784E-01 -0.2622196E-01 -0.3551278E-01  0.4312370E-01  0.5642919E-01
   -0.1224673E-16 -0.6894545E-01  0.4297991E-01  0.3287793E-01  0.0000000E+00
   -0.4338792E-01  0.2183703E-01 -0.2931158E-02  0.0000000E+00  0.6954676E-02
    0.3695685E-16  0.5177069E-16 -0.8391135E-02 -0.2101522E-01  0.1892076E-02
    0.3525218E-02 -0.5816072E-02  0.6295366E-01  0.0000000E+00  0.1689820E-17
   -0.6413926E-17 -0.1167183E-16 -0.2850794E-01  0.0000000E+00  0.0000000E+00
    0.0000000E+00 -0.6300277E-01  0.0000000E+00  0.0000000E+00  0.0000000E+00
   -0.5798116E-01 -0.4184178E-16  0.2193427E-01  0.4361258E-01 -0.2236032E-16
    0.3486920E-16  0.1421826E-17  0.2816366E-17  0.1000441E-17  0.1059678E-17
    0.5590602E-01 -0.1317223E+00 -0.1277595E+00  0.3445933E-01  0.7820558E-01
   -0.2605240E-16 -0.2316860E+00  0.9131120E-01  0.2346359E+00 -0.3483365E-16
   -0.2526787E+00  0.9137668E-01  0.2265252E+00 -0.6636005E-16  0.3132451E-01
    0.1749659E-16  0.3611667E-16  0.4274828E-01 -0.3900933E-01 -0.6188398E+00
   -0.5550435E+00 -0.2407520E-01 -0.1389982E-01  0.8281698E-17 -0.4212604E+00
   -0.1585225E+00 -0.1463629E+00 -0.2664314E-01  0.6011361E-01 -0.2629092E-16
   -0.1575450E+00 -0.7997767E-01  0.1366726E+00 -0.2353817E-16 -0.1399912E+00
   -0.8760717E-01  0.1136389E+00 -0.3051224E-16  0.8215278E-02 -0.9829063E-17
    0.3416244E-16  0.4351015E-01  0.3353477E-01  0.4017575E-03  0.2362100E-03
   -0.1309690E+00 -0.8603370E-02  0.9561036E-18 -0.8593785E-01 -0.2268036E+00
   -0.2747717E+00 -0.2528005E+00  0.4112154E-01  0.3609672E-01 -0.4343611E-16
   -0.1963958E+00  0.4754311E-01  0.2637930E-01 -0.3629603E-16 -0.1376765E+00
    0.3377091E-01 -0.1427318E-01 -0.4511228E-16 -0.6397085E-02  0.2671486E-16
    0.2908787E-16 -0.5001639E-02 -0.5916548E-02  0.2319548E-03  0.1363759E-03
   -0.8603370E-02 -0.1210347E+00  0.1023126E-17 -0.4961624E-01 -0.3648730E-01
   -0.1846717E+00  0.0000000E+00  0.2992495E-16 -0.1904612E-16 -0.3925332E-16
   -0.6300277E-01  0.2648367E-16 -0.1283779E-16 -0.3011817E-16 -0.1568681E+00
    0.3125528E-16 -0.1197663E-16 -0.3441075E-16 -0.1654830E+00 -0.4656814E-16
    0.1608267E-01  0.5120388E-01 -0.1964682E-16  0.2266484E-16  0.4954036E-18
    0.6943700E-18  0.9561036E-18  0.1023126E-17 -0.1332461E+00  0.1392305E-16
    0.2419448E-17  0.3629684E-17 -0.2190884E+00 -0.1722839E+00 -0.1638850E+00
    0.1899726E-01  0.5387163E-01 -0.1770270E-16 -0.2526787E+00  0.4923569E-01
    0.1900742E+00  0.0000000E+00 -0.2816182E+00  0.5689208E-01  0.2036874E+00
   -0.3141332E-16  0.1377082E-01  0.6375519E-17  0.1524663E-16  0.2943869E-01
   -0.1487964E-01 -0.3187888E+00 -0.2989951E+00 -0.2211544E-01 -0.1276836E-01
    0.5607614E-17 -0.3419463E+00 -0.1037586E+00 -0.5990507E-01  0.1509035E-16
   -0.3338834E+00 -0.1334109E+00 -0.1244135E+00 -0.3550683E-01  0.3458569E-01
   -0.1256501E-16 -0.1504883E+00 -0.9643700E-01  0.1085410E+00  0.0000000E+00
   -0.1479524E+00 -0.1154870E+00  0.1044526E+00 -0.1341144E-16  0.2941111E-02
   -0.9037715E-17  0.1056222E-16  0.2718388E-01  0.2783537E-01  0.2072236E-03
   -0.3648507E-03 -0.8505915E-01 -0.5414082E-02  0.4537772E-18 -0.6728598E-01
   -0.2029659E+00 -0.3099572E-01  0.1315129E-17 -0.9865851E-01 -0.2133629E+00
   -0.2312776E+00 -0.2149274E+00  0.1968752E-01  0.7918938E-03 -0.2082034E-16
   -0.1923971E+00  0.2867301E-01 -0.5443350E-02  0.0000000E+00 -0.1511137E+00
    0.2388117E-01 -0.4139348E-01 -0.2276547E-16 -0.9513636E-02  0.7225131E-17
    0.3677032E-17 -0.5362110E-02 -0.1872849E-02  0.1196406E-03 -0.2106467E-03
   -0.5414082E-02 -0.7880750E-01  0.4919551E-18 -0.3884758E-01 -0.3099572E-01
   -0.1671751E+00  0.2911431E-17 -0.5696052E-01 -0.3181483E-01 -0.1766263E+00
    0.0000000E+00  0.2498681E-16 -0.6946172E-17 -0.1757630E-16 -0.5798116E-01
    0.0000000E+00  0.0000000E+00  0.0000000E+00 -0.1654830E+00  0.1958958E-16
   -0.4025661E-17 -0.1734659E-16 -0.2005598E+00 -0.1945144E-16  0.9163555E-02
    0.3770559E-01 -0.6820000E-17  0.4755293E-17  0.1904963E-18  0.2325444E-18
    0.4537772E-18  0.4919551E-18 -0.8831911E-01  0.9347621E-17  0.1315129E-17
    0.2911431E-17 -0.2054457E+00  0.1379655E-16  0.4040158E-18  0.3154265E-17
   -0.2294784E+00  0.6446606E-01  0.6931918E-01 -0.2371164E-02 -0.9802376E-02
    0.0000000E+00  0.3132451E-01  0.9647677E-02 -0.3916098E-02  0.0000000E+00
    0.1377082E-01  0.9709606E-02  0.2209741E-02  0.0000000E+00  0.9265995E-02
   -0.1844010E-16 -0.3668778E-16  0.1826939E-01 -0.4752969E-01  0.1691123E-04
    0.2777659E-03  0.9922563E-02  0.5728795E-02  0.7768137E-17  0.1740456E-02
    0.2513596E-01  0.1451225E-01  0.9555014E-17  0.1524759E-02  0.1480378E-01
    0.8546967E-02  0.5059730E-17  0.2914624E+00  0.0000000E+00  0.0000000E+00
    0.0000000E+00  0.0000000E+00 -0.2680247E-01  0.0000000E+00  0.0000000E+00
    0.0000000E+00 -0.3630253E-01  0.0000000E+00  0.0000000E+00  0.0000000E+00
   -0.2807222E-01 -0.2209902E-16 -0.1301340E-01  0.1240891E-01 -0.2298427E-16
    0.4936363E-17  0.1093592E-18  0.1278539E-18  0.7203124E-17  0.1356609E-18
   -0.1429345E-01  0.2445609E-17  0.8970379E-17  0.2431009E-18 -0.3570596E-01
    0.1992796E-17  0.4639297E-17  0.1245062E-18 -0.2405615E-01 -0.9178329E-18
    0.2959893E+00  0.0000000E+00  0.0000000E+00  0.0000000E+00  0.0000000E+00
   -0.4080193E-01  0.0000000E+00  0.0000000E+00  0.0000000E+00 -0.3952994E-01
    0.0000000E+00  0.0000000E+00  0.0000000E+00 -0.2678866E-01 -0.3483370E-16
    0.1517997E-02 -0.4972696E-02 -0.6384839E-17  0.2519356E-16  0.1158281E-18
    0.1353977E-18  0.1356609E-18  0.6965264E-17 -0.8252325E-02  0.2657668E-17
    0.2431009E-18  0.8622632E-17 -0.2061484E-01  0.2232168E-17  0.1245062E-18
    0.4510576E-17 -0.1388883E-01  0.8291021E-18 -0.7659753E-02  0.3048340E+00
    0.5581904E-01  0.5994842E-01 -0.3568760E-01  0.1702217E-01  0.0000000E+00
    0.1240893E-01 -0.3200170E-01  0.4017918E-01  0.0000000E+00 -0.1833202E-02
   -0.2257554E-01  0.3049600E-01  0.0000000E+00  0.3202722E-01 -0.2258978E-16
   -0.3177454E-17  0.1741770E-01 -0.2824871E-01 -0.1750743E-03 -0.2590244E-03
   -0.1470150E-01  0.8971379E-02  0.1189299E-18 -0.1090701E-01 -0.3799791E-01
    0.2183173E-01  0.1738735E-18 -0.1043133E-01 -0.2348201E-01  0.1292179E-01
    0.6436044E-19  0.5472026E-02  0.2149152E-17 -0.1913682E-17  0.2913723E+00
   -0.9672617E-01 -0.1042501E+00 -0.1206315E-01  0.2737535E-01  0.0000000E+00
   -0.5652576E-01 -0.1164605E-01  0.1742500E-01  0.0000000E+00 -0.3293448E-01
   -0.8022739E-02  0.6481194E-02  0.0000000E+00 -0.3958660E-01  0.5164120E-17
    0.3153789E-16 -0.3011877E-01  0.5111618E-01 -0.3032376E-03 -0.4486435E-03
   -0.8004453E-02 -0.1470150E-01  0.1356609E-18 -0.1889150E-01 -0.2204448E-01
   -0.3799791E-01  0.2431009E-18 -0.1806759E-01 -0.1419290E-01 -0.2348201E-01
    0.1245062E-18  0.9477827E-02  0.1050302E-17  0.1615311E-17  0.6081660E-02
    0.2983948E+00 -0.9062868E-03 -0.7677726E-03 -0.1518493E-01  0.2614285E-01
    0.0000000E+00 -0.1317223E+00 -0.1586980E+00  0.2746704E+00  0.0000000E+00
   -0.1722839E+00 -0.1335869E+00  0.2311760E+00  0.0000000E+00  0.6446606E-01
    0.0000000E+00  0.0000000E+00  0.5585780E-01  0.9670379E-01 -0.9062868E-03
   -0.7677726E-03 -0.3023284E-01  0.7911350E-04  0.4916059E-17 -0.1317223E+00
   -0.3172206E+00  0.1013315E-03  0.4640901E-16 -0.1722839E+00 -0.2669977E+00
    0.1015973E-03  0.3876705E-16  0.6446606E-01  0.3344287E-16  0.1684096E-18
   -0.1116768E+00 -0.2237547E-04 -0.1818710E+01 -0.7677726E-03 -0.1360731E-03
   -0.2035084E-01  0.3577687E-01  0.1709300E-17 -0.1277595E+00 -0.1457502E+00
    0.2531542E+00  0.3025181E-16 -0.1638850E+00 -0.1239259E+00  0.2152090E+00
    0.2524766E-16  0.6931918E-01  0.0000000E+00  0.0000000E+00  0.6030903E-01
    0.1040419E+00 -0.7677726E-03 -0.1360731E-03 -0.4115910E-01 -0.2640891E-03
    0.3399120E-17 -0.1277595E+00 -0.2921131E+00 -0.3537536E-03  0.0000000E+00
   -0.1638850E+00 -0.2483394E+00 -0.2815444E-03  0.0000000E+00  0.6931918E-01
    0.4719258E-16  0.1603528E-18 -0.1202575E+00 -0.2081954E-03 -0.2211009E+01
   -0.1481448E+01  0.1504790E-01  0.2080826E-01  0.2677508E-02 -0.4997695E-01
   -0.7409676E-17  0.5049835E-01 -0.2342435E-01 -0.6197198E-01 -0.2629092E-16
    0.3715557E-01 -0.3178378E-01 -0.3673519E-01 -0.1256501E-16 -0.7303524E-02
    0.0000000E+00  0.0000000E+00 -0.4204773E-01  0.1335015E-01  0.3023284E-01
    0.4115910E-01  0.8330503E-01  0.3426624E-02 -0.2762588E-16  0.8495768E-01
    0.6424786E-01  0.7637667E-02  0.0000000E+00  0.5615283E-01  0.1521820E-01
    0.5299577E-02  0.0000000E+00 -0.9674688E-02 -0.1432320E-15 -0.3939266E-17
    0.1685910E-01  0.6151527E-02 -0.3277173E-02 -0.6105856E-02  0.5623784E-01
   -0.2622196E-01 -0.3551278E-01 -0.4312370E-01  0.5642919E-01  0.1224673E-16
   -0.6894545E-01 -0.4297991E-01  0.3287793E-01  0.3942613E-16 -0.4338792E-01
   -0.2183703E-01 -0.2931158E-02  0.1658359E-16  0.6954676E-02  0.0000000E+00
    0.0000000E+00 -0.8391135E-02  0.2101522E-01  0.7911350E-04 -0.2640891E-03
   -0.3426624E-02 -0.2419833E-01  0.5748961E-18 -0.9260134E-02 -0.1135440E-01
   -0.5479429E-01  0.0000000E+00 -0.1048371E-01 -0.9598587E-02 -0.4993314E-01
    0.0000000E+00  0.2847700E-02  0.4583176E-17  0.3008262E-16 -0.1192510E-02
   -0.4620386E-01  0.1892076E-02  0.3525218E-02  0.5816072E-02  0.6295366E-01
   -0.2424374E-17 -0.1689820E-17 -0.6413926E-17  0.1167183E-16 -0.2850794E-01
   -0.2039895E-16 -0.1904612E-16  0.3524334E-16 -0.6300277E-01 -0.1062435E-16
   -0.6946172E-17  0.1333955E-16 -0.5798116E-01  0.0000000E+00 -0.2193427E-01
    0.4361258E-01  0.0000000E+00  0.0000000E+00  0.0000000E+00 -0.3399120E-17
   -0.2762588E-16 -0.5748961E-18 -0.2850794E-01  0.0000000E+00  0.0000000E+00
    0.0000000E+00 -0.6300277E-01  0.0000000E+00  0.0000000E+00  0.0000000E+00
   -0.5798116E-01  0.8471743E-16 -0.4873674E-01 -0.2810659E-02 -0.8660771E-16
   -0.3939266E-17  0.9629650E-34 -0.3851860E-33  0.4174872E-18  0.7231091E-18
    0.5590602E-01 -0.1317223E+00 -0.1277595E+00 -0.3445933E-01  0.7820558E-01
    0.0000000E+00 -0.2316860E+00 -0.9131120E-01  0.2346359E+00  0.3483365E-16
   -0.2526787E+00 -0.9137668E-01  0.2265252E+00  0.0000000E+00  0.3132451E-01
    0.0000000E+00  0.0000000E+00  0.4274828E-01  0.3900933E-01 -0.1317223E+00
   -0.1277595E+00 -0.8495768E-01 -0.9260134E-02  0.4645135E-16 -0.2316860E+00
   -0.2488562E+00 -0.3824012E-01  0.6131732E-16 -0.2526787E+00 -0.2418649E+00
   -0.3412809E-01  0.1182559E-15  0.3132451E-01  0.6954544E-16  0.6066254E-17
   -0.5515721E-01 -0.1751643E-01 -0.6188398E+00 -0.5550435E+00  0.2407520E-01
   -0.1389982E-01  0.0000000E+00 -0.4212604E+00  0.1585225E+00  0.1463629E+00
   -0.2664314E-01 -0.6011361E-01  0.0000000E+00  0.1575450E+00 -0.7997767E-01
   -0.1366726E+00 -0.2353817E-16  0.1399912E+00 -0.8760717E-01 -0.1136389E+00
    0.0000000E+00 -0.8215278E-02  0.0000000E+00  0.0000000E+00 -0.4351015E-01
    0.3353477E-01  0.3172206E+00  0.2921131E+00  0.6424786E-01  0.1135440E-01
   -0.9080692E-16  0.2488562E+00  0.7955778E-01  0.4456473E-01 -0.7570437E-16
    0.1892269E+00  0.3122364E-01  0.3483609E-01 -0.9463481E-16  0.1432399E-02
   -0.7784387E-16 -0.1154882E-16 -0.1371804E-02  0.2091097E-01 -0.4017575E-03
   -0.2362100E-03 -0.1309690E+00  0.8603370E-02  0.4080011E-18  0.8593785E-01
   -0.2268036E+00 -0.2747717E+00 -0.2528005E+00 -0.4112154E-01  0.3609672E-01
    0.0000000E+00 -0.1963958E+00 -0.4754311E-01  0.2637930E-01  0.3629603E-16
   -0.1376765E+00 -0.3377091E-01 -0.1427318E-01  0.0000000E+00 -0.6397085E-02
    0.0000000E+00  0.0000000E+00 -0.5001639E-02  0.5916548E-02  0.1013315E-03
   -0.3537536E-03 -0.7637667E-02 -0.5479429E-01  0.2177798E-17 -0.3824012E-01
   -0.4456473E-01 -0.1331562E+00  0.6177864E-17 -0.5239774E-01 -0.4503190E-01
   -0.1331040E+00  0.1331197E-16  0.1031318E-01  0.3998799E-17  0.4560164E-16
    0.7622158E-02 -0.5079851E-01  0.2319548E-03  0.1363759E-03  0.8603370E-02
   -0.1210347E+00  0.7066786E-18 -0.4961624E-01  0.3648730E-01 -0.1846717E+00
   -0.2305685E-16  0.0000000E+00  0.0000000E+00  0.0000000E+00 -0.6300277E-01
   -0.2648367E-16 -0.1283779E-16  0.3011817E-16 -0.1568681E+00  0.0000000E+00
    0.0000000E+00  0.0000000E+00 -0.1654830E+00  0.0000000E+00 -0.1608267E-01
    0.5120388E-01  0.0000000E+00  0.0000000E+00  0.0000000E+00 -0.6017676E-16
   -0.9080692E-16 -0.6187783E-17 -0.6300277E-01 -0.6131732E-16 -0.7570437E-16
   -0.6177864E-17 -0.1568681E+00 -0.8586081E-16 -0.9463481E-16 -0.8091102E-17
   -0.1654830E+00  0.8799877E-16 -0.5238520E-01 -0.1167394E-01 -0.6191111E-16
   -0.1154882E-16 -0.9629650E-34 -0.9148167E-33  0.4080011E-18  0.7066786E-18
   -0.1332461E+00  0.0000000E+00  0.1933675E-17  0.3349223E-17 -0.2190884E+00
   -0.1722839E+00 -0.1638850E+00 -0.1899726E-01  0.5387163E-01  0.0000000E+00
   -0.2526787E+00 -0.4923569E-01  0.1900742E+00  0.5460553E-16 -0.2816182E+00
   -0.5689208E-01  0.2036874E+00  0.3141332E-16  0.1377082E-01  0.0000000E+00
    0.0000000E+00  0.2943869E-01  0.1487964E-01 -0.1722839E+00 -0.1638850E+00
   -0.5615283E-01 -0.1048371E-01  0.2832705E-16 -0.2526787E+00 -0.1892269E+00
   -0.5239774E-01  0.0000000E+00 -0.2816182E+00 -0.2048445E+00 -0.5257370E-01
    0.5100290E-16  0.1377082E-01  0.2375369E-16  0.5213333E-17 -0.2760549E-01
   -0.1805484E-01 -0.3187888E+00 -0.2989951E+00  0.2211544E-01 -0.1276836E-01
    0.0000000E+00 -0.3419463E+00  0.1037586E+00 -0.5990507E-01 -0.1540744E-32
   -0.3338834E+00  0.1334109E+00  0.1244135E+00 -0.3550683E-01 -0.3458569E-01
    0.0000000E+00  0.1504883E+00 -0.9643700E-01 -0.1085410E+00 -0.3051224E-16
    0.1479524E+00 -0.1154870E+00 -0.1044526E+00 -0.1341144E-16 -0.2941111E-02
    0.0000000E+00  0.0000000E+00 -0.2718388E-01  0.2783537E-01  0.2669977E+00
    0.2483394E+00  0.1521820E-01  0.9598587E-02 -0.3933893E-16  0.2418649E+00
    0.3122364E-01  0.4503190E-01  0.0000000E+00  0.2048445E+00 -0.4346700E-02
    0.4028573E-01 -0.4345661E-16  0.6768495E-02 -0.9901503E-17 -0.7116904E-17
   -0.6174324E-02  0.1389726E-01 -0.2072236E-03  0.3648507E-03 -0.8505915E-01
    0.5414082E-02  0.1991570E-18  0.6728598E-01 -0.2029659E+00  0.3099572E-01
    0.1863809E-17  0.9865851E-01 -0.2133629E+00 -0.2312776E+00 -0.2149274E+00
   -0.1968752E-01  0.7918938E-03  0.0000000E+00 -0.1923971E+00 -0.2867301E-01
   -0.5443350E-02  0.5033315E-16 -0.1511137E+00 -0.2388117E-01 -0.4139348E-01
    0.2276547E-16 -0.9513636E-02  0.0000000E+00  0.0000000E+00 -0.5362110E-02
    0.1872849E-02  0.1015973E-03 -0.2815444E-03 -0.5299577E-02 -0.4993314E-01
    0.1125665E-17 -0.3412809E-01 -0.3483609E-01 -0.1331040E+00  0.0000000E+00
   -0.5257370E-01 -0.4028573E-01 -0.1525338E+00  0.5418881E-17  0.7303895E-02
    0.1159862E-17  0.2099805E-16  0.8576002E-02 -0.3523106E-01  0.1196406E-03
   -0.2106467E-03  0.5414082E-02 -0.7880750E-01  0.3449500E-18 -0.3884758E-01
    0.3099572E-01 -0.1671751E+00  0.3228212E-17 -0.5696052E-01  0.3181483E-01
   -0.1766263E+00 -0.1926832E-16  0.0000000E+00  0.0000000E+00  0.0000000E+00
   -0.5798116E-01 -0.5189589E-16 -0.1197663E-16  0.3963162E-16 -0.1654830E+00
   -0.1958958E-16 -0.4025661E-17  0.1734659E-16 -0.2005598E+00  0.0000000E+00
   -0.9163555E-02  0.3770559E-01  0.0000000E+00  0.0000000E+00  0.0000000E+00
   -0.5023447E-16 -0.3933893E-16 -0.5362416E-17 -0.5798116E-01  0.0000000E+00
    0.0000000E+00  0.0000000E+00 -0.1654830E+00 -0.5100290E-16 -0.4345661E-16
   -0.5418881E-17 -0.2005598E+00  0.3283969E-16 -0.3723577E-01 -0.1091692E-01
   -0.1591240E-16 -0.7116904E-17  0.0000000E+00 -0.2407412E-34  0.1991570E-18
    0.3449500E-18 -0.8831911E-01  0.0000000E+00  0.1863809E-17  0.3228212E-17
   -0.2054457E+00  0.0000000E+00  0.2529666E-17  0.4381509E-17 -0.2294784E+00
    0.6446606E-01  0.6931918E-01  0.2371164E-02 -0.9802376E-02 -0.4287565E-16
    0.3132451E-01 -0.9647677E-02 -0.3916098E-02 -0.4143063E-16  0.1377082E-01
   -0.9709606E-02  0.2209741E-02 -0.1338825E-16  0.9265995E-02 -0.1844010E-16
    0.3668778E-16  0.1826939E-01  0.4752969E-01  0.6446606E-01  0.6931918E-01
    0.9674688E-02  0.2847700E-02  0.0000000E+00  0.3132451E-01 -0.1432399E-02
    0.1031318E-01  0.0000000E+00  0.1377082E-01 -0.6768495E-02  0.7303895E-02
    0.0000000E+00  0.9265995E-02 -0.8220898E-16 -0.4095761E-17 -0.5029661E-01
    0.7943085E-02  0.1691123E-04  0.2777659E-03 -0.9922563E-02  0.5728795E-02
    0.7703720E-33  0.1740456E-02 -0.2513596E-01  0.1451225E-01 -0.2696302E-32
    0.1524759E-02 -0.1480378E-01  0.8546967E-02 -0.1925930E-33  0.2914624E+00
    0.8359728E-17  0.1179837E-16  0.6289436E-17 -0.3800132E-16  0.2680247E-01
    0.1749659E-16 -0.4468997E-17 -0.2732015E-16  0.3630253E-01  0.6375519E-17
   -0.3489885E-17 -0.7386514E-17  0.2807222E-01 -0.2209902E-16 -0.1301340E-01
   -0.1240891E-01 -0.2298427E-16 -0.4936363E-17  0.0000000E+00  0.0000000E+00
    0.0000000E+00  0.0000000E+00  0.4873674E-01  0.0000000E+00  0.0000000E+00
    0.0000000E+00  0.5238520E-01  0.0000000E+00  0.0000000E+00  0.0000000E+00
    0.3723577E-01 -0.8220898E-16 -0.9523451E-03  0.5445456E-02  0.6245633E-16
    0.5380471E-17  0.4563050E-19  0.5333094E-19  0.6090906E-19  0.3516586E-19
    0.1429345E-01  0.1078803E-17  0.5027868E-19  0.2902841E-19  0.3570596E-01
    0.9367160E-18 -0.1128484E-19 -0.6515308E-20  0.2405615E-01  0.1176940E-17
    0.2959893E+00 -0.1431335E-16 -0.2027450E-16 -0.3382604E-16  0.4813845E-16
   -0.4080193E-01 -0.2398416E-16 -0.1922010E-16  0.1745242E-16 -0.3952994E-01
   -0.4819960E-17 -0.2446838E-17 -0.2245982E-17 -0.2678866E-01  0.3483370E-16
   -0.1517997E-02 -0.4972696E-02  0.6384839E-17  0.2519356E-16  0.0000000E+00
    0.0000000E+00  0.0000000E+00  0.0000000E+00 -0.2810659E-02  0.0000000E+00
    0.0000000E+00  0.0000000E+00 -0.1167394E-01  0.0000000E+00  0.0000000E+00
    0.0000000E+00 -0.1091692E-01  0.4095761E-17 -0.5445456E-02 -0.1703375E-01
   -0.1945329E-17 -0.3984917E-16  0.7903435E-19  0.9237190E-19  0.3516586E-19
   -0.6090906E-19 -0.8252325E-02  0.1868541E-17  0.2902841E-19 -0.5027868E-19
   -0.2061484E-01  0.1622440E-17 -0.6515308E-20  0.1128484E-19 -0.1388883E-01
    0.2038520E-17  0.7659753E-02  0.3048340E+00  0.5581904E-01  0.5994842E-01
    0.3568760E-01  0.1702217E-01 -0.2087489E-16  0.1240893E-01  0.3200170E-01
    0.4017918E-01 -0.1114906E-16 -0.1833202E-02  0.2257554E-01  0.3049600E-01
   -0.1084578E-17  0.3202722E-01 -0.2258978E-16  0.3177454E-17  0.1741770E-01
    0.2824871E-01 -0.1116768E+00 -0.1202575E+00 -0.1685910E-01 -0.1192510E-02
    0.0000000E+00 -0.5515721E-01  0.1371804E-02  0.7622158E-02  0.0000000E+00
   -0.2760549E-01  0.6174324E-02  0.8576002E-02  0.0000000E+00 -0.5029661E-01
    0.6245633E-16  0.1945329E-17  0.6796542E-01  0.9350281E-03 -0.1750743E-03
   -0.2590244E-03  0.1470150E-01  0.8971379E-02  0.6090906E-19 -0.1090701E-01
    0.3799791E-01  0.2183173E-01  0.5027868E-19 -0.1043133E-01  0.2348201E-01
    0.1292179E-01 -0.1128484E-19  0.5472026E-02 -0.1915145E-18 -0.5929278E-18
    0.2913723E+00  0.9672617E-01  0.1042501E+00 -0.1206315E-01 -0.2737535E-01
   -0.4017490E-16  0.5652576E-01 -0.1164605E-01 -0.1742500E-01 -0.3104394E-16
    0.3293448E-01 -0.8022739E-02 -0.6481194E-02 -0.9055059E-17  0.3958660E-01
   -0.5164120E-17  0.3153789E-16  0.3011877E-01  0.5111618E-01  0.2237547E-04
    0.2081954E-03  0.6151527E-02  0.4620386E-01  0.0000000E+00  0.1751643E-01
    0.2091097E-01  0.5079851E-01  0.0000000E+00  0.1805484E-01  0.1389726E-01
    0.3523106E-01  0.0000000E+00 -0.7943085E-02 -0.5380471E-17 -0.3984917E-16
   -0.9350281E-03  0.5684614E-03  0.3032376E-03  0.4486435E-03 -0.8004453E-02
    0.1470150E-01  0.3516586E-19  0.1889150E-01 -0.2204448E-01  0.3799791E-01
    0.2902841E-19  0.1806759E-01 -0.1419290E-01  0.2348201E-01 -0.6515308E-20
   -0.9477827E-02  0.5929278E-18  0.8761686E-18 -0.6081660E-02  0.2983948E+00
   -0.1655537E-03 -0.8990737E-04  0.2074450E-18  0.3172221E-02 -0.5491291E-02
   -0.7407709E-01  0.5746628E-17  0.1028429E+00 -0.1811203E+00 -0.1365531E+00
    0.7885367E-17  0.1221208E+00 -0.2151599E+00 -0.2310209E-01  0.1690104E-17
    0.2693982E-01  0.7664238E-02 -0.1247221E-17 -0.1655537E-03 -0.8990737E-04
   -0.2747224E-02 -0.1586110E-02 -0.5491291E-02 -0.7407709E-01 -0.8906457E-01
   -0.5142145E-01 -0.1811203E+00 -0.1365531E+00 -0.1057597E+00 -0.6106040E-01
   -0.2151599E+00 -0.2310209E-01 -0.2333057E-01 -0.1346991E-01 -0.3832119E-02
   -0.6637425E-02 -0.1655537E-03 -0.8990737E-04  0.2747224E-02 -0.1586110E-02
   -0.5491291E-02 -0.7407709E-01  0.8906457E-01 -0.5142145E-01 -0.1811203E+00
   -0.1365531E+00  0.1057597E+00 -0.6106040E-01 -0.2151599E+00 -0.2310209E-01
    0.2333057E-01 -0.1346991E-01 -0.3832119E-02  0.6637425E-02 -0.1807688E+01
   -0.1036389E-03 -0.3732190E-04  0.3448513E-18  0.5033746E-02 -0.8834526E-02
   -0.7382739E-01  0.2369165E-17  0.9753502E-01 -0.1719705E+00 -0.1302551E+00
    0.1916834E-16  0.1141819E+00 -0.2013923E+00 -0.2989026E-01  0.3755786E-18
    0.3533435E-01  0.1005784E-01 -0.3612481E-17 -0.1036389E-03 -0.3732190E-04
   -0.4359352E-02 -0.2516873E-02 -0.8834526E-02 -0.7382739E-01 -0.8446780E-01
   -0.4876751E-01 -0.1719705E+00 -0.1302551E+00 -0.9888440E-01 -0.5709093E-01
   -0.2013923E+00 -0.2989026E-01 -0.3060044E-01 -0.1766717E-01 -0.5028919E-02
   -0.8710343E-02 -0.1036389E-03 -0.3732190E-04  0.4359352E-02 -0.2516873E-02
   -0.8834526E-02 -0.7382739E-01  0.8446780E-01 -0.4876751E-01 -0.1719705E+00
   -0.1302551E+00  0.9888440E-01 -0.5709093E-01 -0.2013923E+00 -0.2989026E-01
    0.3060044E-01 -0.1766717E-01 -0.5028919E-02  0.8710343E-02 -0.2202500E+01
   -0.1471849E+01 -0.2268142E-18 -0.3722229E-18 -0.9750214E-02  0.3686287E-17
   -0.4919913E-17 -0.1352725E-16 -0.3353359E-01  0.1344411E-16 -0.2636037E-16
   -0.4011532E-17 -0.3692157E-01  0.2732189E-16 -0.7936873E-17 -0.9502490E-17
   -0.2390662E-01  0.8478711E-17  0.7255449E-17  0.1430775E-01  0.2907837E-02
    0.4143514E-02  0.1939294E-02  0.6748941E-02  0.2336238E-01  0.2182518E-01
   -0.1681095E-01  0.9654822E-02  0.3310723E-01  0.1471956E-01 -0.2756331E-01
    0.5402990E-02  0.1866864E-01  0.2736465E-01 -0.2342921E-02  0.1244981E-01
   -0.8586279E-02 -0.5641237E-03 -0.2907837E-02 -0.4143514E-02  0.1939294E-02
   -0.6748941E-02 -0.2336238E-01 -0.2182518E-01 -0.1681095E-01 -0.9654822E-02
   -0.3310723E-01 -0.1471956E-01 -0.2756331E-01 -0.5402990E-02 -0.1866864E-01
   -0.2736465E-01 -0.2342921E-02 -0.1244981E-01  0.8586279E-02 -0.5641237E-03
   -0.1155558E-32 -0.2311116E-32  0.7569911E-01 -0.3357681E-02 -0.4784518E-02
   -0.8806669E-18  0.5835797E-02 -0.2697655E-01 -0.2520154E-01  0.8160564E-17
   -0.1123674E-01 -0.3822894E-01 -0.1699669E-01  0.6577252E-17 -0.2444390E-01
   -0.2155669E-01 -0.3159798E-01 -0.5821469E-17  0.4844980E-02 -0.5521414E-02
    0.5633680E-18  0.1678841E-02  0.2392259E-02  0.6748941E-02 -0.5853711E-02
    0.1348828E-01  0.1260077E-01  0.9654822E-02 -0.2795938E-01  0.1911447E-01
    0.8498343E-02  0.5402990E-02 -0.3380215E-01  0.1077835E-01  0.1579899E-01
    0.1244981E-01 -0.1671872E-01  0.9350458E-02 -0.8586279E-02  0.1678841E-02
    0.2392259E-02 -0.6748941E-02 -0.5853711E-02  0.1348828E-01  0.1260077E-01
   -0.9654822E-02 -0.2795938E-01  0.1911447E-01  0.8498343E-02 -0.5402990E-02
   -0.3380215E-01  0.1077835E-01  0.1579899E-01 -0.1244981E-01 -0.1671872E-01
    0.9350458E-02  0.8586279E-02 -0.1622904E-15 -0.5548262E-17 -0.4625929E-16
    0.7569911E-01  0.5778422E-02  0.8773994E-02 -0.1550415E-18 -0.3096157E-01
    0.4175716E-01  0.5523887E-01 -0.3670700E-17 -0.4995199E-01  0.4580016E-01
    0.4253462E-01 -0.1867527E-16 -0.3143317E-01  0.1200274E-01  0.1490249E-01
   -0.1543459E-16 -0.4172712E-01 -0.1750584E-01  0.1725759E-16  0.5778422E-02
    0.8773994E-02  0.2681351E-01  0.1548079E-01  0.4175716E-01  0.5523887E-01
    0.4325969E-01  0.2497599E-01  0.4580016E-01  0.4253462E-01  0.2722193E-01
    0.1571659E-01  0.1200274E-01  0.1490249E-01  0.3613674E-01  0.2086356E-01
    0.8752918E-02  0.1516050E-01  0.5778422E-02  0.8773994E-02 -0.2681351E-01
    0.1548079E-01  0.4175716E-01  0.5523887E-01 -0.4325969E-01  0.2497599E-01
    0.4580016E-01  0.4253462E-01 -0.2722193E-01  0.1571659E-01  0.1200274E-01
    0.1490249E-01 -0.3613674E-01  0.2086356E-01  0.8752918E-02 -0.1516050E-01
   -0.5434240E-02 -0.9718675E-02  0.8730882E-32  0.2092472E-16  0.6497585E-01
   -0.7468364E-01 -0.7446306E-01  0.1268214E-16  0.3747565E-01 -0.5465732E-01
   -0.1615328E+00  0.1154614E-16  0.1243494E+00 -0.1624552E+00 -0.1957872E+00
    0.1607369E-16  0.1337093E+00 -0.1860000E+00 -0.1742792E-01  0.1126736E-16
    0.3844510E-01  0.1888725E-01 -0.1805025E-16 -0.7468364E-01 -0.7446306E-01
   -0.3245486E-01 -0.1873782E-01 -0.5465732E-01 -0.1615328E+00 -0.1076897E+00
   -0.6217470E-01 -0.1624552E+00 -0.1957872E+00 -0.1157957E+00 -0.6685467E-01
   -0.1860000E+00 -0.1742792E-01 -0.3329444E-01 -0.1922255E-01 -0.9443623E-02
   -0.1635684E-01 -0.7468364E-01 -0.7446306E-01  0.3245486E-01 -0.1873782E-01
   -0.5465732E-01 -0.1615328E+00  0.1076897E+00 -0.6217470E-01 -0.1624552E+00
   -0.1957872E+00  0.1157957E+00 -0.6685467E-01 -0.1860000E+00 -0.1742792E-01
    0.3329444E-01 -0.1922255E-01 -0.9443623E-02  0.1635684E-01 -0.6158240E+00
   -0.5519754E+00  0.2465190E-31 -0.5923784E-16  0.1684106E-01 -0.3939332E+00
   -0.1345476E-16 -0.1746527E-16 -0.3509379E-01 -0.8673617E-18 -0.1201551E-16
   -0.4723944E-16 -0.8402437E-01  0.8673617E-18 -0.2252106E-16 -0.2425605E-16
   -0.9115443E-01 -0.2775558E-16 -0.3499902E-16 -0.3674494E-16 -0.2466559E-01
    0.1405984E-16  0.1407560E-16  0.2648947E-01  0.8981542E-01  0.8476659E-01
   -0.1593012E-01  0.1106415E-01  0.3491835E-01  0.6397370E-01 -0.5761231E-01
    0.1524901E-01  0.4232510E-01  0.3795171E-01 -0.7481028E-01  0.9436297E-02
    0.2795427E-01  0.1794513E-01 -0.1288092E-01  0.6803880E-02 -0.1697841E-01
   -0.2918001E-02 -0.8981542E-01 -0.8476659E-01 -0.1593012E-01 -0.1106415E-01
   -0.3491835E-01 -0.6397370E-01 -0.5761231E-01 -0.1524901E-01 -0.4232510E-01
   -0.3795171E-01 -0.7481028E-01 -0.9436297E-02 -0.2795427E-01 -0.1794513E-01
   -0.1288092E-01 -0.6803880E-02  0.1697841E-01 -0.2918001E-02 -0.4493837E-33
   -0.6419766E-33 -0.1083354E+00 -0.1850372E-16 -0.2028646E-31 -0.1232595E-31
   -0.1354214E+00 -0.1037099E+00 -0.9788003E-01  0.7848611E-17 -0.9542225E-02
   -0.4032024E-01 -0.7387046E-01 -0.3600472E-17 -0.4880829E-01 -0.4887282E-01
   -0.4382285E-01  0.1437803E-16 -0.6936223E-01 -0.3227882E-01 -0.2072125E-01
   -0.1276967E-16 -0.8952697E-02 -0.1272049E-01  0.1201852E-16  0.5185496E-01
    0.4894001E-01  0.1106415E-01 -0.2870590E-01  0.2016012E-01  0.3693523E-01
    0.1524901E-01 -0.7522035E-01  0.2443641E-01  0.2191143E-01  0.9436297E-02
   -0.8570638E-01  0.1613941E-01  0.1036062E-01  0.6803880E-02 -0.2073736E-01
    0.1668698E-01 -0.1697841E-01  0.5185496E-01  0.4894001E-01 -0.1106415E-01
   -0.2870590E-01  0.2016012E-01  0.3693523E-01 -0.1524901E-01 -0.7522035E-01
    0.2443641E-01  0.2191143E-01 -0.9436297E-02 -0.8570638E-01  0.1613941E-01
    0.1036062E-01 -0.6803880E-02 -0.2073736E-01  0.1668698E-01  0.1697841E-01
   -0.5829652E-18 -0.4358550E-17  0.1850372E-16 -0.1083354E+00  0.1580996E-16
   -0.2174687E-16 -0.2550008E-32 -0.1354214E+00  0.1825022E+00  0.1730427E+00
    0.3917323E-16 -0.5885490E-01  0.4296972E-01  0.1954474E+00 -0.2432694E-16
   -0.1358956E+00  0.4436125E-01  0.1649323E+00 -0.3157760E-16 -0.1090579E+00
    0.1141728E-01 -0.2413839E-01 -0.1377040E-16 -0.1851680E-01 -0.2855353E-01
    0.3591533E-16  0.1825022E+00  0.1730427E+00  0.5096984E-01  0.2942745E-01
    0.4296972E-01  0.1954474E+00  0.1176891E+00  0.6794782E-01  0.4436125E-01
    0.1649323E+00  0.9444693E-01  0.5452896E-01  0.1141728E-01 -0.2413839E-01
    0.1603602E-01  0.9258399E-02  0.1427677E-01  0.2472808E-01  0.1825022E+00
    0.1730427E+00 -0.5096984E-01  0.2942745E-01  0.4296972E-01  0.1954474E+00
   -0.1176891E+00  0.6794782E-01  0.4436125E-01  0.1649323E+00 -0.9444693E-01
    0.5452896E-01  0.1141728E-01 -0.2413839E-01 -0.1603602E-01  0.9258399E-02
    0.1427677E-01 -0.2472808E-01 -0.1221874E-02 -0.9991032E-03 -0.8730882E-32
    0.5705101E-17 -0.1240127E+00  0.7173809E-01  0.1823214E-31  0.2316704E-16
   -0.2123076E+00 -0.1373952E+00 -0.1312250E+00  0.1970718E-17  0.3384482E-01
   -0.3787652E-01 -0.2055076E+00  0.9529571E-19  0.1277597E+00 -0.1099901E+00
   -0.2351570E+00  0.3717598E-16  0.1404489E+00 -0.1364583E+00 -0.3457332E-02
   -0.1877893E-18  0.2069821E-01  0.1897545E-01  0.3752144E-16 -0.1373952E+00
   -0.1312250E+00 -0.2931048E-01 -0.1692241E-01 -0.3787652E-01 -0.2055076E+00
   -0.1106432E+00 -0.6387987E-01 -0.1099901E+00 -0.2351570E+00 -0.1216323E+00
   -0.7022444E-01 -0.1364583E+00 -0.3457332E-02 -0.1792517E-01 -0.1034910E-01
   -0.9487723E-02 -0.1643322E-01 -0.1373952E+00 -0.1312250E+00  0.2931048E-01
   -0.1692241E-01 -0.3787652E-01 -0.2055076E+00  0.1106432E+00 -0.6387987E-01
   -0.1099901E+00 -0.2351570E+00  0.1216323E+00 -0.7022444E-01 -0.1364583E+00
   -0.3457332E-02  0.1792517E-01 -0.1034910E-01 -0.9487723E-02  0.1643322E-01
   -0.3170212E+00 -0.2973104E+00 -0.2054325E-32  0.1380584E-16  0.1682518E-01
   -0.3118027E+00 -0.1848893E-31 -0.5152305E-16  0.9388105E-01 -0.2968847E+00
   -0.1578570E-16 -0.2067693E-16 -0.3886646E-01  0.1387779E-16 -0.5757050E-17
   -0.2707810E-16 -0.9774070E-01 -0.5551115E-16 -0.1768146E-16 -0.2360253E-16
   -0.1162600E+00  0.0000000E+00 -0.1619219E-16  0.1300028E-16 -0.1536149E-01
   -0.1696884E-17 -0.3144350E-16  0.2389344E-01  0.1065153E+00  0.9923883E-01
   -0.2635306E-01  0.7224615E-02  0.1988335E-01  0.7596123E-01 -0.7371092E-01
    0.1387360E-01  0.3006347E-01  0.4879037E-01 -0.9940351E-01  0.9732090E-02
    0.2320390E-01  0.1363145E-01 -0.9040662E-02  0.3649334E-02 -0.1511188E-01
   -0.2281106E-02 -0.1065153E+00 -0.9923883E-01 -0.2635306E-01 -0.7224615E-02
   -0.1988335E-01 -0.7596123E-01 -0.7371092E-01 -0.1387360E-01 -0.3006347E-01
   -0.4879037E-01 -0.9940351E-01 -0.9732090E-02 -0.2320390E-01 -0.1363145E-01
   -0.9040662E-02 -0.3649334E-02  0.1511188E-01 -0.2281106E-02 -0.1604942E-34
   -0.1604942E-33 -0.7188372E-01 -0.9251859E-17  0.2182721E-32 -0.1027163E-31
   -0.1289697E+00 -0.3758568E-16 -0.2182721E-32 -0.1643460E-31 -0.1404571E+00
   -0.1229933E+00 -0.1145911E+00  0.1404163E-16 -0.2218192E-01 -0.2295931E-01
   -0.8771247E-01 -0.6858723E-16 -0.6570099E-01 -0.3471431E-01 -0.5633827E-01
   -0.1457207E-16 -0.9378469E-01 -0.2679355E-01 -0.1574024E-01  0.1239410E-16
   -0.6933718E-02 -0.1100595E-01  0.1802778E-16  0.6149664E-01  0.5729556E-01
    0.7224615E-02 -0.3469532E-01  0.1147966E-01  0.4385623E-01  0.1387360E-01
   -0.8973077E-01  0.1735715E-01  0.2816913E-01  0.9732090E-02 -0.1106412E+00
    0.1339678E-01  0.7870122E-02  0.3649334E-02 -0.1325455E-01  0.1516859E-01
   -0.1511188E-01  0.6149664E-01  0.5729556E-01 -0.7224615E-02 -0.3469532E-01
    0.1147966E-01  0.4385623E-01 -0.1387360E-01 -0.8973077E-01  0.1735715E-01
    0.2816913E-01 -0.9732090E-02 -0.1106412E+00  0.1339678E-01  0.7870122E-02
   -0.3649334E-02 -0.1325455E-01  0.1516859E-01  0.1511188E-01 -0.1673121E-17
   -0.8776385E-18  0.9251859E-17 -0.7188372E-01 -0.7268776E-17 -0.5596856E-16
    0.1908196E-16 -0.1289697E+00  0.1341615E-16 -0.3657788E-16 -0.5782412E-18
   -0.1404571E+00  0.2164612E+00  0.2025152E+00 -0.1552355E-17 -0.4357013E-01
    0.1819023E-02  0.2337635E+00 -0.2636424E-16 -0.1415827E+00 -0.2105879E-01
    0.2161794E+00  0.1260794E-16 -0.1300358E+00 -0.4784409E-01 -0.2062248E-01
   -0.3651437E-18  0.1304639E-03 -0.2530446E-01 -0.8318076E-16  0.2164612E+00
    0.2025152E+00  0.3773284E-01  0.2178506E-01  0.1819023E-02  0.2337635E+00
    0.1226142E+00  0.7079135E-01 -0.2105879E-01  0.2161794E+00  0.1126143E+00
    0.6501788E-01 -0.4784409E-01 -0.2062248E-01 -0.1129851E-03 -0.6523195E-04
    0.1265223E-01  0.2191430E-01  0.2164612E+00  0.2025152E+00 -0.3773284E-01
    0.2178506E-01  0.1819023E-02  0.2337635E+00 -0.1226142E+00  0.7079135E-01
   -0.2105879E-01  0.2161794E+00 -0.1126143E+00  0.6501788E-01 -0.4784409E-01
   -0.2062248E-01  0.1129851E-03 -0.6523195E-04  0.1265223E-01 -0.2191430E-01
   -0.4401446E-03 -0.4834072E-04  0.7061743E-33 -0.8311244E-17 -0.8114801E-01
    0.5880105E-01  0.5906185E-32  0.9383518E-16 -0.2036728E+00  0.1012897E+00
   -0.5392604E-32  0.3265575E-16 -0.2395015E+00 -0.2331717E-01 -0.3034919E-01
   -0.1547433E-16  0.3808606E-01 -0.1892013E-01 -0.3767803E-01  0.1140764E-16
    0.3679022E-01 -0.1786097E-02 -0.2682056E-01 -0.2298112E-17  0.2423693E-01
    0.7320370E-03  0.3231622E-01  0.8732204E-17 -0.4165933E-02  0.1151850E-01
   -0.8732278E-17 -0.2331717E-01 -0.3034919E-01 -0.3298350E-01 -0.1904303E-01
   -0.1892013E-01 -0.3767803E-01 -0.3186127E-01 -0.1839511E-01 -0.1786097E-02
   -0.2682056E-01 -0.2098980E-01 -0.1211847E-01  0.7320370E-03  0.3231622E-01
    0.3607803E-02  0.2082966E-02 -0.5759249E-02 -0.9975312E-02 -0.2331717E-01
   -0.3034919E-01  0.3298350E-01 -0.1904303E-01 -0.1892013E-01 -0.3767803E-01
    0.3186127E-01 -0.1839511E-01 -0.1786097E-02 -0.2682056E-01  0.2098980E-01
   -0.1211847E-01  0.7320370E-03  0.3231622E-01 -0.3607803E-02  0.2082966E-02
   -0.5759249E-02  0.9975312E-02 -0.2166434E-03 -0.5079394E-03 -0.2548029E-20
    0.2026039E-16  0.9811875E-02 -0.1888876E-01  0.1890076E-19  0.6878734E-19
    0.3597156E-01 -0.1850610E-01  0.4492091E-19 -0.5703841E-18  0.2423460E-01
    0.3111090E+00  0.1690104E-17  0.6384837E-17  0.2482046E-01 -0.2422482E-16
    0.1574429E-16  0.2328588E-16  0.3080154E-01 -0.2328588E-16  0.1498573E-16
    0.8826098E-17  0.2258414E-01 -0.1239410E-16  0.5088560E-17  0.3498271E-17
    0.1787139E-01 -0.1821460E-16 -0.2153537E-16 -0.2052799E-01 -0.2371001E-01
   -0.3054405E-01  0.2289843E-02 -0.1300806E-01 -0.3237877E-01 -0.2213774E-01
    0.2073547E-01 -0.5811650E-02 -0.6983411E-02 -0.9339607E-02  0.1775528E-01
   -0.2787944E-02 -0.2421196E-02  0.8630999E-02  0.2456150E-01  0.3862541E-02
    0.1621970E-01  0.7565351E-02  0.2371001E-01  0.3054405E-01  0.2289843E-02
    0.1300806E-01  0.3237877E-01  0.2213774E-01  0.2073547E-01  0.5811650E-02
    0.6983411E-02  0.9339607E-02  0.1775528E-01  0.2787944E-02  0.2421196E-02
   -0.8630999E-02  0.2456150E-01 -0.3862541E-02 -0.1621970E-01  0.7565351E-02
   -0.2223872E-32 -0.2543554E-32  0.5785077E-02 -0.2070083E-17  0.7116391E-32
    0.4292074E-31  0.2199087E-01 -0.1427150E-18 -0.3558196E-31  0.2134917E-31
    0.1394514E-01 -0.2090434E-17 -0.1067459E-31  0.1020587E-18  0.3142523E+00
    0.2737796E-01  0.3526923E-01 -0.1958567E-16 -0.5220363E-02  0.3738778E-01
    0.2556246E-01  0.2793025E-18  0.1738011E-01  0.8063748E-02  0.1078445E-01
    0.1001477E-16  0.1614566E-01  0.2795756E-02 -0.9966219E-02 -0.1821460E-16
    0.2679154E-01  0.1692980E-01  0.1633394E-16 -0.1368898E-01 -0.1763462E-01
   -0.1300806E-01  0.1731026E-01 -0.1869389E-01 -0.1278123E-01 -0.5811650E-02
    0.2744618E-01 -0.4031874E-02 -0.5392224E-02 -0.2787944E-02  0.2097452E-01
   -0.1397878E-02  0.4983110E-02  0.3862541E-02  0.2010142E-01 -0.1116354E-01
    0.1621970E-01 -0.1368898E-01 -0.1763462E-01  0.1300806E-01  0.1731026E-01
   -0.1869389E-01 -0.1278123E-01  0.5811650E-02  0.2744618E-01 -0.4031874E-02
   -0.5392224E-02  0.2787944E-02  0.2097452E-01 -0.1397878E-02  0.4983110E-02
   -0.3862541E-02  0.2010142E-01 -0.1116354E-01 -0.1621970E-01 -0.6238289E-13
    0.2958455E-17  0.1936089E-17  0.5785077E-02 -0.1132828E-15 -0.2211669E-16
    0.3863457E-17  0.2199087E-01 -0.2976051E-16  0.2267327E-16  0.1915738E-17
    0.1394514E-01 -0.3226357E-16  0.6214120E-16  0.1408902E-16  0.3142523E+00
    0.7767855E-02  0.9997082E-02 -0.9401426E-17  0.5421856E-02  0.1387037E-01
    0.6253653E-02  0.8733386E-17  0.1068749E-01  0.4275089E-02  0.2426644E-02
    0.2303084E-16  0.7409185E-02  0.2230680E-02  0.3796298E-02 -0.1935301E-16
    0.1564962E-01 -0.1304761E-02  0.1110588E-16 -0.3883927E-02 -0.4998541E-02
    0.8033388E-02 -0.8492380E-02 -0.6935183E-02 -0.3126826E-02  0.9145369E-02
   -0.5152755E-02 -0.2137544E-02 -0.1213322E-02  0.5823780E-02 -0.2677897E-02
   -0.1115340E-02 -0.1898149E-02  0.1271211E-01 -0.6368410E-02 -0.1881865E-02
    0.3331911E-03 -0.3883927E-02 -0.4998541E-02 -0.8033388E-02 -0.8492380E-02
   -0.6935183E-02 -0.3126826E-02 -0.9145369E-02 -0.5152755E-02 -0.2137544E-02
   -0.1213322E-02 -0.5823780E-02 -0.2677897E-02 -0.1115340E-02 -0.1898149E-02
   -0.1271211E-01 -0.6368410E-02 -0.1881865E-02 -0.3331911E-03 -0.1426020E-13
   -0.9118836E-17  0.1099851E-17  0.1183871E-02 -0.4024776E-17 -0.8179947E-17
    0.2283331E-17  0.2804962E-02  0.1578514E-16 -0.2100226E-17  0.1424509E-17
    0.1785806E-02  0.1190280E-17 -0.2171589E-17 -0.1724254E-17 -0.2010960E-02
    0.3271388E+00 -0.2048633E-17 -0.1490074E-17 -0.1313046E-01  0.5445890E-17
   -0.2218278E-16 -0.1315658E-16 -0.1043284E-01 -0.1201852E-16 -0.2474347E-16
   -0.4731272E-17 -0.6040257E-02 -0.9013888E-17 -0.6046341E-17 -0.3417206E-16
   -0.1370775E-01 -0.1105886E-16  0.2993526E-17 -0.2074233E-02 -0.6727160E-02
   -0.8657727E-02  0.7837771E-03  0.8033388E-02 -0.1201209E-01 -0.5415822E-02
    0.5407407E-02  0.9145369E-02 -0.3702335E-02 -0.2101535E-02  0.4046825E-02
    0.5823780E-02 -0.1931825E-02 -0.3287691E-02  0.8310274E-02  0.1271211E-01
    0.3331911E-03 -0.1497129E-02  0.6727160E-02  0.8657727E-02  0.7837771E-03
   -0.8033388E-02  0.1201209E-01  0.5415822E-02  0.5407407E-02 -0.9145369E-02
    0.3702335E-02  0.2101535E-02  0.4046825E-02 -0.5823780E-02  0.1931825E-02
    0.3287691E-02  0.8310274E-02 -0.1271211E-01 -0.3331911E-03 -0.1497129E-02
    0.2003086E-17  0.2779840E-34  0.1183871E-02 -0.1091024E-17 -0.3558196E-32
   -0.1556711E-32  0.2804962E-02 -0.2473998E-17 -0.4447745E-33  0.3204938E-16
    0.1785806E-02 -0.1392331E-17 -0.6671617E-33  0.1402160E-16 -0.2010960E-02
    0.1718088E-17  0.3111940E-16  0.3271388E+00 -0.1655537E-03 -0.8990737E-04
   -0.2710505E-18  0.3172221E-02  0.5491291E-02 -0.7407709E-01 -0.6884684E-17
    0.1028429E+00  0.1811203E+00 -0.1365531E+00 -0.6938894E-17  0.1221208E+00
    0.2151599E+00 -0.2310209E-01  0.1690104E-17 -0.2693982E-01  0.7664238E-02
    0.7981046E-18 -0.1655537E-03 -0.8990737E-04 -0.2747224E-02 -0.1586110E-02
    0.5491291E-02 -0.7407709E-01 -0.8906457E-01 -0.5142145E-01  0.1811203E+00
   -0.1365531E+00 -0.1057597E+00 -0.6106040E-01  0.2151599E+00 -0.2310209E-01
    0.2333057E-01  0.1346991E-01 -0.3832119E-02 -0.6637425E-02 -0.1655537E-03
   -0.8990737E-04  0.2747224E-02 -0.1586110E-02  0.5491291E-02 -0.7407709E-01
    0.8906457E-01 -0.5142145E-01  0.1811203E+00 -0.1365531E+00  0.1057597E+00
   -0.6106040E-01  0.2151599E+00 -0.2310209E-01 -0.2333057E-01  0.1346991E-01
   -0.3832119E-02  0.6637425E-02  0.9808250E-05 -0.1268993E-04 -0.3820357E-37
   -0.1073460E-13  0.4970194E-04 -0.1260924E-02 -0.1730328E-33 -0.1241901E-18
    0.5201682E-02 -0.2497620E-01 -0.2696631E-32 -0.3623072E-18  0.7818307E-01
   -0.4482620E-06  0.7193923E-36  0.2146939E-12  0.2588995E-13 -0.7641167E-23
   -0.1807688E+01 -0.1036389E-03 -0.3732190E-04 -0.2168404E-18  0.5033746E-02
    0.8834526E-02 -0.7382739E-01 -0.1387779E-16  0.9753502E-01  0.1719705E+00
   -0.1302551E+00  0.2168404E-18  0.1141819E+00  0.2013923E+00 -0.2989026E-01
    0.3380208E-17 -0.3533435E-01  0.1005784E-01 -0.7511573E-18 -0.1036389E-03
   -0.3732190E-04 -0.4359352E-02 -0.2516873E-02  0.8834526E-02 -0.7382739E-01
   -0.8446780E-01 -0.4876751E-01  0.1719705E+00 -0.1302551E+00 -0.9888440E-01
   -0.5709093E-01  0.2013923E+00 -0.2989026E-01  0.3060044E-01  0.1766717E-01
   -0.5028919E-02 -0.8710343E-02 -0.1036389E-03 -0.3732190E-04  0.4359352E-02
   -0.2516873E-02  0.8834526E-02 -0.7382739E-01  0.8446780E-01 -0.4876751E-01
    0.1719705E+00 -0.1302551E+00  0.9888440E-01 -0.5709093E-01  0.2013923E+00
   -0.2989026E-01 -0.3060044E-01  0.1766717E-01 -0.5028919E-02  0.8710343E-02
   -0.1268993E-04  0.1617497E-04 -0.1989769E-39 -0.3688781E-18 -0.4836695E-04
   -0.1091440E-02  0.1404324E-34  0.1298728E-17  0.5954502E-02 -0.2437859E-01
   -0.8212787E-35  0.3911699E-19  0.7576735E-01 -0.4181021E-04  0.6426175E-37
    0.7648909E-18 -0.2105171E-18  0.6362550E-39 -0.2202500E+01 -0.1471849E+01
    0.2710505E-18  0.2168404E-18 -0.9750214E-02 -0.1734723E-17 -0.3469447E-17
    0.0000000E+00 -0.3353359E-01  0.2168404E-18  0.0000000E+00  0.6830474E-17
   -0.3692157E-01  0.1387779E-16 -0.6938894E-17  0.5963112E-18  0.2390662E-01
    0.6009258E-17 -0.1408420E-17  0.1430775E-01  0.2907837E-02  0.4143514E-02
    0.1939294E-02  0.6748941E-02 -0.2336238E-01  0.2182518E-01 -0.1681095E-01
    0.9654822E-02 -0.3310723E-01  0.1471956E-01 -0.2756331E-01  0.5402990E-02
   -0.1866864E-01  0.2736465E-01  0.2342921E-02 -0.1244981E-01 -0.8586279E-02
   -0.5641237E-03 -0.2907837E-02 -0.4143514E-02  0.1939294E-02 -0.6748941E-02
    0.2336238E-01 -0.2182518E-01 -0.1681095E-01 -0.9654822E-02  0.3310723E-01
   -0.1471956E-01 -0.2756331E-01 -0.5402990E-02  0.1866864E-01 -0.2736465E-01
    0.2342921E-02  0.1244981E-01  0.8586279E-02 -0.5641237E-03 -0.2057115E-37
   -0.3214242E-39  0.3362117E-04  0.3529304E-22 -0.8150094E-36 -0.1143521E-33
   -0.1784226E-02  0.1355253E-18  0.3049389E-33 -0.2180965E-32 -0.9142195E-02
    0.1157612E-17  0.5087665E-32  0.9870045E-23  0.6541779E-04  0.1913124E-20
    0.7775860E-21 -0.2151749E-05 -0.1091360E-32 -0.2567907E-32  0.7569911E-01
   -0.3357681E-02 -0.4784518E-02 -0.3679511E-17  0.5835797E-02  0.2697655E-01
   -0.2520154E-01 -0.4987330E-17 -0.1123674E-01  0.3822894E-01 -0.1699669E-01
    0.2168404E-18 -0.2444390E-01  0.2155669E-01 -0.3159798E-01  0.1746441E-16
   -0.4844980E-02 -0.5521414E-02  0.3192419E-17  0.1678841E-02  0.2392259E-02
    0.6748941E-02 -0.5853711E-02 -0.1348828E-01  0.1260077E-01  0.9654822E-02
   -0.2795938E-01 -0.1911447E-01  0.8498343E-02  0.5402990E-02 -0.3380215E-01
   -0.1077835E-01  0.1579899E-01 -0.1244981E-01  0.1671872E-01  0.9350458E-02
   -0.8586279E-02  0.1678841E-02  0.2392259E-02 -0.6748941E-02 -0.5853711E-02
   -0.1348828E-01  0.1260077E-01 -0.9654822E-02 -0.2795938E-01 -0.1911447E-01
    0.8498343E-02 -0.5402990E-02 -0.3380215E-01 -0.1077835E-01  0.1579899E-01
    0.1244981E-01  0.1671872E-01  0.9350458E-02  0.8586279E-02 -0.1073460E-13
   -0.3688781E-18  0.3529304E-22  0.3362117E-04 -0.3332690E-17 -0.9494741E-18
   -0.1355253E-18 -0.1784226E-02  0.2620692E-17  0.7454490E-18 -0.1157612E-17
   -0.9142195E-02  0.2978835E-17  0.8099449E-17 -0.4301528E-22  0.6541779E-04
   -0.2151749E-05 -0.7048005E-21 -0.1622904E-15 -0.5548262E-17 -0.4625929E-16
    0.7569911E-01 -0.5778422E-02 -0.8773994E-02 -0.6938894E-17  0.3096157E-01
    0.4175716E-01 -0.5523887E-01 -0.1387779E-16  0.4995199E-01  0.4580016E-01
   -0.4253462E-01  0.0000000E+00  0.3143317E-01  0.1200274E-01 -0.1490249E-01
    0.1201852E-16 -0.4172712E-01  0.1750584E-01  0.1877893E-18 -0.5778422E-02
   -0.8773994E-02 -0.2681351E-01 -0.1548079E-01  0.4175716E-01 -0.5523887E-01
   -0.4325969E-01 -0.2497599E-01  0.4580016E-01 -0.4253462E-01 -0.2722193E-01
   -0.1571659E-01  0.1200274E-01 -0.1490249E-01  0.3613674E-01  0.2086356E-01
   -0.8752918E-02 -0.1516050E-01 -0.5778422E-02 -0.8773994E-02  0.2681351E-01
   -0.1548079E-01  0.4175716E-01 -0.5523887E-01  0.4325969E-01 -0.2497599E-01
    0.4580016E-01 -0.4253462E-01  0.2722193E-01 -0.1571659E-01  0.1200274E-01
   -0.1490249E-01 -0.3613674E-01  0.2086356E-01 -0.8752918E-02  0.1516050E-01
   -0.4970194E-04  0.4836695E-04 -0.9403955E-36  0.3332690E-17  0.3579648E-03
   -0.5277169E-02 -0.9629650E-34 -0.2181412E-17  0.1854111E-01 -0.1864476E-01
   -0.1332102E-32  0.1563767E-17  0.3966067E-01 -0.1633683E-02  0.1911140E-34
    0.8855546E-17  0.1380866E-17  0.1956139E-20  0.5434240E-02  0.9718675E-02
    0.1027163E-32 -0.2092472E-16  0.6497585E-01 -0.7468364E-01 -0.7446306E-01
    0.0000000E+00  0.3747565E-01  0.5465732E-01 -0.1615328E+00 -0.2775558E-16
    0.1243494E+00  0.1624552E+00 -0.1957872E+00 -0.2775558E-16  0.1337093E+00
    0.1860000E+00 -0.1742792E-01  0.1201852E-16 -0.3844510E-01  0.1888725E-01
   -0.6009258E-17 -0.7468364E-01 -0.7446306E-01 -0.3245486E-01 -0.1873782E-01
    0.5465732E-01 -0.1615328E+00 -0.1076897E+00 -0.6217470E-01  0.1624552E+00
   -0.1957872E+00 -0.1157957E+00 -0.6685467E-01  0.1860000E+00 -0.1742792E-01
    0.3329444E-01  0.1922255E-01 -0.9443623E-02 -0.1635684E-01 -0.7468364E-01
   -0.7446306E-01  0.3245486E-01 -0.1873782E-01  0.5465732E-01 -0.1615328E+00
    0.1076897E+00 -0.6217470E-01  0.1624552E+00 -0.1957872E+00  0.1157957E+00
   -0.6685467E-01  0.1860000E+00 -0.1742792E-01 -0.3329444E-01  0.1922255E-01
   -0.9443623E-02  0.1635684E-01 -0.1260924E-02 -0.1091440E-02 -0.2226856E-33
   -0.9494741E-18  0.5277169E-02 -0.2223913E-01 -0.1643059E-32 -0.7975996E-17
    0.5803199E-01 -0.6609911E-01 -0.6074704E-32 -0.2836774E-16  0.1417401E+00
   -0.1045427E-01  0.1521963E-32 -0.1820112E-16 -0.1764756E-17 -0.9034481E-34
   -0.6158240E+00 -0.5519754E+00  0.3081488E-31 -0.5923784E-16 -0.1684106E-01
   -0.3939332E+00 -0.5421011E-19  0.0000000E+00 -0.3509379E-01 -0.1387779E-16
   -0.1387779E-16 -0.8673617E-18 -0.8402437E-01 -0.2688821E-16 -0.2775558E-16
    0.1344411E-16 -0.9115443E-01 -0.2688821E-16  0.0000000E+00 -0.5217723E-17
    0.2466559E-01  0.1295746E-16 -0.6408311E-17  0.2648947E-01  0.8981542E-01
    0.8476659E-01 -0.1593012E-01  0.1106415E-01 -0.3491835E-01  0.6397370E-01
   -0.5761231E-01  0.1524901E-01 -0.4232510E-01  0.3795171E-01 -0.7481028E-01
    0.9436297E-02 -0.2795427E-01  0.1794513E-01  0.1288092E-01 -0.6803880E-02
   -0.1697841E-01 -0.2918001E-02 -0.8981542E-01 -0.8476659E-01 -0.1593012E-01
   -0.1106415E-01  0.3491835E-01 -0.6397370E-01 -0.5761231E-01 -0.1524901E-01
    0.4232510E-01 -0.3795171E-01 -0.7481028E-01 -0.9436297E-02  0.2795427E-01
   -0.1794513E-01  0.1288092E-01  0.6803880E-02  0.1697841E-01 -0.2918001E-02
   -0.1293984E-33  0.8024708E-34 -0.1784226E-02 -0.1355253E-18 -0.5938284E-33
   -0.3510810E-33 -0.1834265E-01 -0.5782412E-18 -0.1282449E-32  0.1733337E-32
   -0.3768974E-01 -0.4553649E-17  0.4574084E-32 -0.3525646E-21  0.5725601E-02
   -0.4791279E-18  0.1492772E-18  0.2489629E-03 -0.4172848E-33 -0.5135813E-33
   -0.1083354E+00 -0.1850372E-16  0.1335311E-31 -0.1232595E-31 -0.1354214E+00
   -0.1037099E+00 -0.9788003E-01 -0.6071532E-17 -0.9542225E-02  0.4032024E-01
   -0.7387046E-01 -0.1366095E-16 -0.4880829E-01  0.4887282E-01 -0.4382285E-01
    0.0000000E+00 -0.6936223E-01  0.3227882E-01 -0.2072125E-01  0.3530439E-16
    0.8952697E-02 -0.1272049E-01  0.1164294E-16  0.5185496E-01  0.4894001E-01
    0.1106415E-01 -0.2870590E-01 -0.2016012E-01  0.3693523E-01  0.1524901E-01
   -0.7522035E-01 -0.2443641E-01  0.2191143E-01  0.9436297E-02 -0.8570638E-01
   -0.1613941E-01  0.1036062E-01 -0.6803880E-02  0.2073736E-01  0.1668698E-01
   -0.1697841E-01  0.5185496E-01  0.4894001E-01 -0.1106415E-01 -0.2870590E-01
   -0.2016012E-01  0.3693523E-01 -0.1524901E-01 -0.7522035E-01 -0.2443641E-01
    0.2191143E-01 -0.9436297E-02 -0.8570638E-01 -0.1613941E-01  0.1036062E-01
    0.6803880E-02  0.2073736E-01  0.1668698E-01  0.1697841E-01 -0.1241901E-18
    0.1298728E-17  0.1355253E-18 -0.1784226E-02  0.2181412E-17 -0.7975996E-17
   -0.5782412E-18 -0.1834265E-01  0.7875867E-17 -0.5685548E-16  0.4625929E-17
   -0.3768974E-01  0.1073679E-15 -0.2110035E-17 -0.9654557E-20  0.5725601E-02
    0.2489629E-03 -0.1597927E-18 -0.5829652E-18 -0.4358550E-17  0.1850372E-16
   -0.1083354E+00 -0.1580996E-16 -0.2174687E-16 -0.1027163E-32 -0.1354214E+00
   -0.1825022E+00 -0.1730427E+00 -0.5551115E-16  0.5885490E-01  0.4296972E-01
   -0.1954474E+00 -0.5377643E-16  0.1358956E+00  0.4436125E-01 -0.1649323E+00
    0.0000000E+00  0.1090579E+00  0.1141728E-01  0.2413839E-01  0.9013888E-17
   -0.1851680E-01  0.2855353E-01 -0.1276967E-16 -0.1825022E+00 -0.1730427E+00
   -0.5096984E-01 -0.2942745E-01  0.4296972E-01 -0.1954474E+00 -0.1176891E+00
   -0.6794782E-01  0.4436125E-01 -0.1649323E+00 -0.9444693E-01 -0.5452896E-01
    0.1141728E-01  0.2413839E-01  0.1603602E-01  0.9258399E-02 -0.1427677E-01
   -0.2472808E-01 -0.1825022E+00 -0.1730427E+00  0.5096984E-01 -0.2942745E-01
    0.4296972E-01 -0.1954474E+00  0.1176891E+00 -0.6794782E-01  0.4436125E-01
   -0.1649323E+00  0.9444693E-01 -0.5452896E-01  0.1141728E-01  0.2413839E-01
   -0.1603602E-01  0.9258399E-02 -0.1427677E-01  0.2472808E-01 -0.5201682E-02
   -0.5954502E-02 -0.9790144E-33 -0.2620692E-17  0.1854111E-01 -0.5803199E-01
   -0.4233535E-32 -0.7875867E-17  0.1142077E+00 -0.9910749E-01 -0.6981496E-32
    0.5637833E-18  0.1519539E+00 -0.2576612E-01  0.3151644E-32 -0.3047188E-17
   -0.8202929E-18 -0.3474801E-33  0.1221874E-02  0.9991032E-03  0.1335311E-31
   -0.5705101E-17 -0.1240127E+00 -0.7173809E-01 -0.1232595E-31 -0.2316704E-16
   -0.2123076E+00 -0.1373952E+00 -0.1312250E+00 -0.6830474E-17  0.3384482E-01
    0.3787652E-01 -0.2055076E+00 -0.2775558E-16  0.1277597E+00  0.1099901E+00
   -0.2351570E+00  0.4336809E-18  0.1404489E+00  0.1364583E+00 -0.3457332E-02
    0.6009258E-17 -0.2069821E-01  0.1897545E-01  0.4248733E-16 -0.1373952E+00
   -0.1312250E+00 -0.2931048E-01 -0.1692241E-01  0.3787652E-01 -0.2055076E+00
   -0.1106432E+00 -0.6387987E-01  0.1099901E+00 -0.2351570E+00 -0.1216323E+00
   -0.7022444E-01  0.1364583E+00 -0.3457332E-02  0.1792517E-01  0.1034910E-01
   -0.9487723E-02 -0.1643322E-01 -0.1373952E+00 -0.1312250E+00  0.2931048E-01
   -0.1692241E-01  0.3787652E-01 -0.2055076E+00  0.1106432E+00 -0.6387987E-01
    0.1099901E+00 -0.2351570E+00  0.1216323E+00 -0.7022444E-01  0.1364583E+00
   -0.3457332E-02 -0.1792517E-01  0.1034910E-01 -0.9487723E-02  0.1643322E-01
   -0.2497620E-01 -0.2437859E-01 -0.2565524E-32  0.7454490E-18  0.1864476E-01
   -0.6609911E-01 -0.2989204E-32 -0.5685548E-16  0.9910749E-01 -0.1149267E+00
   -0.9766070E-32 -0.1758372E-16  0.1762356E+00 -0.1726357E-01  0.4060304E-32
   -0.2297025E-16 -0.3359180E-17 -0.3613793E-33 -0.3170212E+00 -0.2973104E+00
    0.0000000E+00  0.1380584E-16 -0.1682518E-01 -0.3118027E+00 -0.1232595E-31
   -0.5152305E-16 -0.9388105E-01 -0.2968847E+00  0.0000000E+00 -0.2168404E-18
   -0.3886646E-01  0.1431147E-16 -0.6938894E-17  0.2688821E-16 -0.9774070E-01
   -0.5464379E-16 -0.1301043E-16  0.2732189E-16 -0.1162600E+00  0.0000000E+00
   -0.1344411E-16  0.6505213E-17  0.1536149E-01  0.8638309E-17 -0.3605555E-16
    0.2389344E-01  0.1065153E+00  0.9923883E-01 -0.2635306E-01  0.7224615E-02
   -0.1988335E-01  0.7596123E-01 -0.7371092E-01  0.1387360E-01 -0.3006347E-01
    0.4879037E-01 -0.9940351E-01  0.9732090E-02 -0.2320390E-01  0.1363145E-01
    0.9040662E-02 -0.3649334E-02 -0.1511188E-01 -0.2281106E-02 -0.1065153E+00
   -0.9923883E-01 -0.2635306E-01 -0.7224615E-02  0.1988335E-01 -0.7596123E-01
   -0.7371092E-01 -0.1387360E-01  0.3006347E-01 -0.4879037E-01 -0.9940351E-01
   -0.9732090E-02  0.2320390E-01 -0.1363145E-01  0.9040662E-02  0.3649334E-02
    0.1511188E-01 -0.2281106E-02 -0.1797754E-32  0.7793998E-33 -0.9142195E-02
   -0.1157612E-17  0.5777790E-33 -0.1612966E-32 -0.3768974E-01  0.4625929E-17
    0.5617296E-33 -0.4662355E-32 -0.6319685E-01  0.4589789E-17  0.1237410E-31
   -0.3763646E-20  0.1133802E-01 -0.2567690E-19  0.4133957E-18  0.5805991E-03
    0.0000000E+00 -0.1364200E-33 -0.7188372E-01 -0.9251859E-17  0.5135813E-33
   -0.9244464E-32 -0.1289697E+00 -0.3758568E-16 -0.1335311E-31 -0.1181237E-31
   -0.1404571E+00 -0.1229933E+00 -0.1145911E+00  0.2168404E-18 -0.2218192E-01
    0.2295931E-01 -0.8771247E-01 -0.5594483E-16 -0.6570099E-01  0.3471431E-01
   -0.5633827E-01  0.8673617E-18 -0.9378469E-01  0.2679355E-01 -0.1574024E-01
   -0.6384837E-17  0.6933718E-02 -0.1100595E-01  0.1802778E-16  0.6149664E-01
    0.5729556E-01  0.7224615E-02 -0.3469532E-01 -0.1147966E-01  0.4385623E-01
    0.1387360E-01 -0.8973077E-01 -0.1735715E-01  0.2816913E-01  0.9732090E-02
   -0.1106412E+00 -0.1339678E-01  0.7870122E-02 -0.3649334E-02  0.1325455E-01
    0.1516859E-01 -0.1511188E-01  0.6149664E-01  0.5729556E-01 -0.7224615E-02
   -0.3469532E-01 -0.1147966E-01  0.4385623E-01 -0.1387360E-01 -0.8973077E-01
   -0.1735715E-01  0.2816913E-01 -0.9732090E-02 -0.1106412E+00 -0.1339678E-01
    0.7870122E-02  0.3649334E-02  0.1325455E-01  0.1516859E-01  0.1511188E-01
   -0.3623072E-18  0.3911699E-19  0.1157612E-17 -0.9142195E-02 -0.1563767E-17
   -0.2836774E-16 -0.4553649E-17 -0.3768974E-01 -0.5637833E-18 -0.1758372E-16
    0.4589789E-17 -0.6319685E-01  0.4366948E-16  0.9818546E-18  0.1977409E-17
    0.1133802E-01  0.5805991E-03 -0.4160072E-18 -0.1673121E-17 -0.8776385E-18
    0.9251859E-17 -0.7188372E-01  0.7268776E-17 -0.5596856E-16  0.1908196E-16
   -0.1289697E+00 -0.1341615E-16 -0.3657788E-16 -0.5782412E-18 -0.1404571E+00
   -0.2164612E+00 -0.2025152E+00 -0.1387779E-16  0.4357013E-01  0.1819023E-02
   -0.2337635E+00 -0.2688821E-16  0.1415827E+00 -0.2105879E-01 -0.2161794E+00
   -0.2732189E-16  0.1300358E+00 -0.4784409E-01  0.2062248E-01  0.1408420E-17
    0.1304639E-03  0.2530446E-01  0.9023277E-16 -0.2164612E+00 -0.2025152E+00
   -0.3773284E-01 -0.2178506E-01  0.1819023E-02 -0.2337635E+00 -0.1226142E+00
   -0.7079135E-01 -0.2105879E-01 -0.2161794E+00 -0.1126143E+00 -0.6501788E-01
   -0.4784409E-01  0.2062248E-01 -0.1129851E-03 -0.6523195E-04 -0.1265223E-01
   -0.2191430E-01 -0.2164612E+00 -0.2025152E+00  0.3773284E-01 -0.2178506E-01
    0.1819023E-02 -0.2337635E+00  0.1226142E+00 -0.7079135E-01 -0.2105879E-01
   -0.2161794E+00  0.1126143E+00 -0.6501788E-01 -0.4784409E-01  0.2062248E-01
    0.1129851E-03 -0.6523195E-04 -0.1265223E-01  0.2191430E-01 -0.7818307E-01
   -0.7576735E-01 -0.8153103E-32 -0.2978835E-17  0.3966067E-01 -0.1417401E+00
   -0.9966687E-32 -0.1073679E-15  0.1519539E+00 -0.1762356E+00 -0.1731732E-31
   -0.4366948E-16  0.1789765E+00 -0.2736157E-01  0.1973687E-32 -0.1911276E-16
   -0.4060905E-17 -0.1111936E-33  0.4401446E-03  0.4834072E-04  0.5135813E-33
    0.8311244E-17 -0.8114801E-01 -0.5880105E-01 -0.1335311E-31 -0.9383518E-16
   -0.2036728E+00 -0.1012897E+00 -0.3595069E-32 -0.3265575E-16 -0.2395015E+00
   -0.2331717E-01 -0.3034919E-01 -0.2661716E-16  0.3808606E-01  0.1892013E-01
   -0.3767803E-01 -0.2600730E-16  0.3679022E-01  0.1786097E-02 -0.2682056E-01
   -0.6505213E-17  0.2423693E-01 -0.7320370E-03  0.3231622E-01  0.3014019E-16
    0.4165933E-02  0.1151850E-01  0.1460062E-16 -0.2331717E-01 -0.3034919E-01
   -0.3298350E-01 -0.1904303E-01  0.1892013E-01 -0.3767803E-01 -0.3186127E-01
   -0.1839511E-01  0.1786097E-02 -0.2682056E-01 -0.2098980E-01 -0.1211847E-01
   -0.7320370E-03  0.3231622E-01 -0.3607803E-02 -0.2082966E-02 -0.5759249E-02
   -0.9975312E-02 -0.2331717E-01 -0.3034919E-01  0.3298350E-01 -0.1904303E-01
    0.1892013E-01 -0.3767803E-01  0.3186127E-01 -0.1839511E-01  0.1786097E-02
   -0.2682056E-01  0.2098980E-01 -0.1211847E-01 -0.7320370E-03  0.3231622E-01
    0.3607803E-02 -0.2082966E-02 -0.5759249E-02  0.9975312E-02 -0.4482620E-06
   -0.4181021E-04  0.8823260E-23  0.8099489E-17  0.1633683E-02 -0.1045427E-01
   -0.6780878E-33 -0.2120059E-17  0.2576612E-01 -0.1726357E-01 -0.1701740E-32
    0.1063954E-17  0.2736157E-01 -0.5209574E-02  0.6508232E-22  0.3113106E-17
   -0.1871452E-17 -0.7091003E-20 -0.2166434E-03 -0.5079394E-03 -0.9035018E-20
    0.2117446E-16 -0.9811875E-02 -0.1888876E-01 -0.2054325E-32 -0.1890190E-17
   -0.3597156E-01 -0.1850610E-01 -0.1572843E-32 -0.7915945E-18 -0.2423460E-01
    0.3111090E+00  0.1690104E-17  0.3755786E-18 -0.2482046E-01  0.1258188E-16
   -0.1201852E-16  0.0000000E+00 -0.3080154E-01  0.7511573E-18 -0.9013888E-17
    0.3004629E-17 -0.2258414E-01  0.1239410E-16 -0.1408420E-17  0.1521094E-16
    0.1787139E-01  0.7806256E-17  0.1138412E-16  0.2052799E-01  0.2371001E-01
    0.3054405E-01 -0.2289843E-02  0.1300806E-01 -0.3237877E-01  0.2213774E-01
   -0.2073547E-01  0.5811650E-02 -0.6983411E-02  0.9339607E-02 -0.1775528E-01
    0.2787944E-02 -0.2421196E-02 -0.8630999E-02  0.2456150E-01  0.3862541E-02
   -0.1621970E-01 -0.7565351E-02 -0.2371001E-01 -0.3054405E-01 -0.2289843E-02
   -0.1300806E-01  0.3237877E-01 -0.2213774E-01 -0.2073547E-01 -0.5811650E-02
    0.6983411E-02 -0.9339607E-02 -0.1775528E-01 -0.2787944E-02  0.2421196E-02
    0.8630999E-02  0.2456150E-01 -0.3862541E-02  0.1621970E-01 -0.7565351E-02
   -0.5022173E-36 -0.3647862E-37 -0.6541779E-04 -0.8687001E-36  0.4777851E-35
   -0.8721749E-33 -0.5725601E-02  0.0000000E+00  0.2366339E-32 -0.3311485E-32
   -0.1133802E-01 -0.2003086E-17  0.4781326E-32  0.1242085E-22  0.9158381E-03
   -0.1016440E-19  0.1174552E-19  0.2181818E-04 -0.6115649E-33 -0.1042440E-33
   -0.5785077E-02  0.2003086E-17  0.3558196E-32 -0.2134917E-31 -0.2199087E-01
    0.1779098E-32 -0.3558196E-31 -0.1022981E-31 -0.1394514E-01  0.2003086E-17
   -0.8895489E-32  0.3485772E-32  0.3142523E+00 -0.2737796E-01 -0.3526923E-01
    0.0000000E+00  0.5220363E-02  0.3738778E-01 -0.2556246E-01 -0.1746441E-16
   -0.1738011E-01  0.8063748E-02 -0.1078445E-01 -0.1164294E-16 -0.1614566E-01
    0.2795756E-02  0.9966219E-02  0.2081668E-16  0.2679154E-01 -0.1692980E-01
    0.7806256E-17  0.1368898E-01  0.1763462E-01  0.1300806E-01 -0.1731026E-01
   -0.1869389E-01  0.1278123E-01  0.5811650E-02 -0.2744618E-01 -0.4031874E-02
    0.5392224E-02  0.2787944E-02 -0.2097452E-01 -0.1397878E-02 -0.4983110E-02
    0.3862541E-02  0.2010142E-01  0.1116354E-01 -0.1621970E-01  0.1368898E-01
    0.1763462E-01 -0.1300806E-01 -0.1731026E-01 -0.1869389E-01  0.1278123E-01
   -0.5811650E-02 -0.2744618E-01 -0.4031874E-02  0.5392224E-02 -0.2787944E-02
   -0.2097452E-01 -0.1397878E-02 -0.4983110E-02 -0.3862541E-02  0.2010142E-01
    0.1116354E-01  0.1621970E-01 -0.2146939E-12 -0.7648909E-18 -0.1956139E-20
   -0.6541779E-04  0.8855546E-17  0.1820112E-16  0.4694733E-18 -0.5725601E-02
   -0.3047188E-17  0.2297025E-16  0.0000000E+00 -0.1133802E-01 -0.1911276E-16
   -0.3113953E-17 -0.1016440E-19  0.9158381E-03  0.2181818E-04 -0.1260668E-19
    0.6238289E-13 -0.2958455E-17 -0.2003086E-17 -0.5785077E-02 -0.1132828E-15
    0.2211669E-16 -0.4006172E-17 -0.2199087E-01 -0.2976051E-16 -0.2267327E-16
   -0.2003086E-17 -0.1394514E-01 -0.3226357E-16 -0.6262785E-16  0.1387779E-16
    0.3142523E+00  0.7767855E-02  0.9997082E-02  0.1408420E-17  0.5421856E-02
   -0.1387037E-01  0.6253653E-02  0.2443609E-16  0.1068749E-01 -0.4275089E-02
    0.2426644E-02  0.1201852E-16  0.7409185E-02 -0.2230680E-02  0.3796298E-02
   -0.8944668E-17 -0.1564962E-01 -0.1304761E-02 -0.4634964E-17 -0.3883927E-02
   -0.4998541E-02  0.8033388E-02 -0.8492380E-02  0.6935183E-02 -0.3126826E-02
    0.9145369E-02 -0.5152755E-02  0.2137544E-02 -0.1213322E-02  0.5823780E-02
   -0.2677897E-02  0.1115340E-02 -0.1898149E-02 -0.1271211E-01  0.6368410E-02
   -0.1881865E-02  0.3331911E-03 -0.3883927E-02 -0.4998541E-02 -0.8033388E-02
   -0.8492380E-02  0.6935183E-02 -0.3126826E-02 -0.9145369E-02 -0.5152755E-02
    0.2137544E-02 -0.1213322E-02 -0.5823780E-02 -0.2677897E-02  0.1115340E-02
   -0.1898149E-02  0.1271211E-01  0.6368410E-02 -0.1881865E-02 -0.3331911E-03
    0.2588995E-13 -0.2105239E-18  0.7488344E-21 -0.2151749E-05 -0.1382975E-17
   -0.1655679E-17  0.1486666E-18  0.2489629E-03 -0.4310033E-19 -0.1637633E-17
    0.4068769E-18  0.5805991E-03  0.5598248E-18 -0.1789740E-17 -0.1163910E-19
   -0.2181818E-04 -0.4477331E-04 -0.1857790E-20 -0.1427064E-13 -0.2148323E-17
    0.1079789E-17  0.1183871E-02  0.7490346E-17  0.1960764E-16  0.2316068E-17
    0.2804962E-02 -0.1403336E-16 -0.1598343E-16  0.1377122E-17  0.1785806E-02
   -0.3131332E-18 -0.2156140E-17  0.1680513E-17  0.2010960E-02  0.3271388E+00
    0.4694733E-19  0.1502315E-17 -0.1313046E-01 -0.1877893E-18  0.5821469E-17
   -0.3004629E-17 -0.1043284E-01 -0.5633680E-17  0.6760416E-17 -0.1079789E-17
   -0.6040257E-02 -0.6009258E-17  0.1408420E-17 -0.4694733E-17  0.1370775E-01
    0.1886512E-16 -0.1626303E-17 -0.2074233E-02 -0.6727160E-02 -0.8657727E-02
    0.7837771E-03  0.8033388E-02  0.1201209E-01 -0.5415822E-02  0.5407407E-02
    0.9145369E-02  0.3702335E-02 -0.2101535E-02  0.4046825E-02  0.5823780E-02
    0.1931825E-02 -0.3287691E-02 -0.8310274E-02 -0.1271211E-01  0.3331911E-03
   -0.1497129E-02  0.6727160E-02  0.8657727E-02  0.7837771E-03 -0.8033388E-02
   -0.1201209E-01  0.5415822E-02  0.5407407E-02 -0.9145369E-02 -0.3702335E-02
    0.2101535E-02  0.4046825E-02 -0.5823780E-02 -0.1931825E-02  0.3287691E-02
   -0.8310274E-02  0.1271211E-01 -0.3331911E-03 -0.1497129E-02 -0.7641167E-23
   -0.7422975E-39 -0.2151749E-05 -0.7029874E-21 -0.1956139E-20  0.4864721E-34
    0.2489629E-03 -0.1604034E-18 -0.1389920E-33  0.1111936E-33  0.5805991E-03
   -0.4068769E-18 -0.7783553E-33 -0.5979347E-20 -0.2181818E-04  0.1260722E-19
   -0.1434273E-20 -0.4477331E-04  0.2003086E-17  0.6949601E-34  0.1183871E-02
   -0.1095438E-17  0.4447745E-33 -0.2668647E-32  0.2804962E-02 -0.2441261E-17
   -0.1556711E-32  0.3204938E-16  0.1785806E-02 -0.1377122E-17  0.4447745E-33
    0.1402160E-16  0.2010960E-02 -0.1734724E-17  0.3122502E-16  0.3271388E+00